1000 6357
1 2 100000
1 3 100000
1 4 100000
1 5 100000
1 6 100000
1 7 100000
1 8 100000
1 9 100000
1 10 100000
1 11 100000
1 12 100000
1 13 100000
1 14 100000
1 15 100000
1 16 100000
1 17 100000
1 18 100000
1 19 100000
1 20 100000
1 21 100000
1 22 100000
1 23 100000
2 32 1272
2 45 6026
2 31 7351
3 32 8426
3 26 5413
3 35 1590
3 39 5928
3 34 6613
3 33 7973
4 25 5874
4 26 2186
4 38 5764
4 34 3883
4 39 6849
4 42 9592
4 27 2639
4 40 6181
4 35 2855
4 41 1092
4 30 8533
4 37 4349
4 28 2207
4 32 2078
4 31 4723
4 45 9050
4 43 667
4 44 754
4 29 8820
5 28 2455
5 44 6302
5 26 9138
5 30 8771
5 36 6235
5 29 3105
5 32 6617
5 24 1092
5 27 5236
5 43 7736
5 40 8535
5 39 8815
5 35 7323
6 32 2673
6 45 8916
6 30 9499
6 36 6434
6 40 7223
6 43 2454
6 41 4130
6 42 2921
6 27 853
6 33 3971
6 24 881
6 34 8876
6 25 1205
6 28 6884
6 31 1831
6 37 9574
6 29 5227
7 30 6973
7 38 8736
7 43 8712
7 27 1961
8 26 9788
8 25 4255
8 38 1794
8 31 3825
8 42 2971
8 35 798
8 41 6305
9 39 3548
9 38 5270
9 42 3621
9 45 6277
9 24 2787
9 26 786
9 27 2682
9 32 2714
10 28 5402
10 38 8943
10 27 1619
10 29 8573
10 45 7810
10 40 6605
10 44 5068
10 30 3588
10 34 4304
10 32 8587
10 33 1242
10 26 8400
11 32 4308
11 24 6803
11 25 7797
11 30 4851
11 36 4286
11 43 8710
11 28 3036
11 26 9486
11 38 7216
11 35 1073
11 39 9662
12 27 6346
12 43 8533
12 26 7163
12 41 6291
12 34 5553
12 42 4813
12 29 8975
12 28 1115
12 30 4855
12 40 7846
12 37 8818
13 39 7148
13 41 6660
13 29 2048
13 25 3770
13 36 4370
13 33 3195
13 34 8683
13 31 1002
13 28 1924
13 42 8051
13 26 9991
13 43 5530
14 32 8837
14 29 5313
14 39 5665
14 25 4024
14 37 3685
14 27 5605
14 31 7552
15 44 4907
15 27 6223
15 38 7457
15 31 4301
15 36 533
15 39 1507
15 37 6102
15 35 740
15 41 1972
15 34 3577
15 28 1893
15 30 9173
15 45 548
15 40 4124
15 26 6039
15 43 6199
15 25 7790
15 32 7301
15 42 6324
16 32 2432
16 28 6555
16 45 3166
16 35 7617
16 24 7530
16 39 8861
16 31 3394
16 27 3618
16 41 2994
16 38 9918
16 40 8195
16 34 4364
16 36 4684
16 25 5596
17 41 1266
17 24 4331
17 39 1328
17 26 3381
17 34 7693
17 33 6607
17 37 1556
17 30 8560
17 31 1282
17 43 1292
17 45 5967
17 27 9402
17 42 2815
17 28 5761
17 36 8576
18 41 5119
18 36 2372
18 39 1135
18 44 4669
18 31 7162
18 40 4426
18 45 5431
18 43 9395
18 37 2351
18 25 5935
18 34 9744
18 28 6951
18 32 1165
18 29 2529
18 38 7770
18 35 6036
18 24 6313
19 35 1329
20 44 9769
20 41 9155
20 43 4221
20 39 5743
20 36 7661
20 28 3402
20 31 5149
20 24 2399
20 27 2842
20 37 9524
21 37 3482
21 24 5163
21 43 7213
21 35 3805
21 25 3372
21 41 7062
21 36 7013
21 39 8711
21 28 4156
21 29 7880
21 38 3248
21 34 1685
21 33 6123
21 30 2275
21 26 1683
21 45 4792
21 27 2141
22 43 3633
22 39 5589
22 32 4478
22 42 4995
22 24 6761
22 33 5279
22 38 941
22 28 1735
22 26 961
22 37 6418
22 44 3938
22 45 3195
22 27 1889
23 27 9422
23 36 2859
23 42 7289
23 44 1931
23 33 7500
23 32 6181
23 37 5596
23 25 6483
23 30 2465
23 34 1882
23 41 8851
23 31 1358
23 35 7369
23 39 8692
24 60 6035
24 50 7996
24 57 4036
24 49 6300
24 66 8432
24 56 8743
24 65 789
24 64 3786
24 46 5329
24 53 1170
24 58 4760
24 63 5471
24 54 5409
24 61 5054
24 59 6181
24 55 8142
25 62 7207
26 52 5531
26 66 5891
26 61 5361
26 55 8972
26 62 8202
27 57 5816
27 62 8313
27 65 2191
27 55 3699
27 50 4136
27 60 984
27 64 6233
27 67 2457
27 59 9537
27 46 6529
27 53 1032
27 51 1630
28 60 2584
28 48 6480
28 55 2218
28 66 4361
28 51 9284
28 65 4418
28 59 2608
29 67 9633
29 54 7258
29 57 1505
29 55 8439
29 49 7794
29 47 2833
29 60 8730
29 61 2383
29 48 7146
29 63 9504
29 51 2804
29 50 3404
29 66 3434
29 46 1437
29 53 6625
29 52 2793
29 64 2744
30 62 2305
30 56 8090
30 60 8546
30 67 8612
30 66 3980
30 50 2290
30 54 6597
30 49 3815
30 51 1750
30 58 2853
30 59 4765
30 61 3504
31 64 4129
31 66 6199
31 61 6166
31 63 3609
32 56 5358
32 48 9379
32 53 5045
32 55 2106
32 47 989
32 51 915
32 63 2072
32 64 5769
32 59 5216
32 54 4801
32 62 3494
32 49 7220
32 67 6426
32 58 7519
32 50 3664
32 61 4167
32 66 6569
32 52 5974
33 57 5865
33 53 7760
33 62 9631
33 64 3516
33 51 3906
33 50 7981
33 59 6580
33 65 5111
33 66 8663
34 59 3807
34 67 7023
34 53 7484
34 50 9736
34 60 1714
35 47 3482
35 64 1960
35 49 7354
35 56 2717
35 54 4241
35 55 1153
35 66 2994
35 46 3763
35 67 3205
35 62 2257
35 63 7513
35 50 3612
35 60 8144
35 57 9882
36 50 8642
36 57 1566
36 60 3673
36 54 3322
36 48 1377
36 46 1617
36 65 6559
36 49 1946
36 67 2974
36 55 7862
36 52 3458
36 64 1080
37 62 9348
37 58 9678
37 59 2914
37 50 8568
37 56 525
37 52 5693
37 64 9761
37 65 3104
37 49 3235
38 56 6300
38 59 1794
38 58 2019
38 57 4430
38 65 1254
38 52 6982
38 64 1235
38 66 802
38 46 2056
38 63 8057
39 49 5508
39 67 5674
40 67 4921
40 55 4661
40 60 1312
40 50 8596
40 62 4358
40 54 3670
40 48 1452
40 52 1250
40 63 8510
40 65 1268
40 61 9153
40 56 3596
40 47 7140
40 64 1306
40 49 9876
41 57 5566
41 51 5670
41 59 3592
41 66 1728
41 50 1489
41 53 6498
41 46 7465
41 60 1276
41 54 8922
41 55 812
41 48 3753
41 62 6841
41 58 5946
41 64 2903
42 55 9116
42 65 1818
42 50 9003
42 56 5321
42 48 2919
42 53 5672
42 52 3083
42 67 6365
42 61 2307
42 66 5984
42 47 3748
42 60 4242
42 54 5910
42 49 2902
42 58 8033
42 51 4945
42 62 1919
42 59 985
42 57 5133
43 64 1958
43 58 1929
43 46 6509
43 56 6264
43 62 5144
43 63 2634
43 49 2337
43 53 8777
43 48 920
43 65 6482
43 50 1272
43 55 8070
43 51 3495
43 52 4319
43 67 7725
44 47 1056
44 64 7910
45 54 1247
45 64 9346
45 63 7562
45 66 1835
46 76 7123
46 84 9381
46 72 3833
46 77 7041
46 68 5568
46 73 1735
46 80 1863
47 81 7893
47 73 6880
47 85 4169
47 69 7863
47 80 4911
47 71 4992
47 86 5495
47 72 6473
47 83 2990
47 68 5672
47 75 3153
47 82 5618
47 84 975
47 88 829
47 79 8543
47 70 6850
47 89 6384
47 74 7961
48 73 6656
48 74 2486
48 82 6732
48 81 1099
48 68 3651
48 86 8392
48 87 9247
48 78 9863
48 80 6380
48 84 1436
48 71 6013
48 69 2120
48 76 2830
48 89 4794
49 71 6031
49 89 4558
49 80 1680
49 81 8580
49 85 1657
49 77 3461
49 75 2252
49 78 7879
49 79 1201
49 76 7904
50 71 7760
50 81 4118
50 88 8576
50 82 959
50 80 1337
50 89 8479
50 78 6705
50 70 7593
50 79 2358
50 84 6365
50 86 9205
50 74 5622
50 83 681
50 73 8381
50 69 8958
50 85 4118
50 87 5920
50 72 3067
51 79 9924
51 69 6617
51 77 7282
52 69 5052
52 80 1194
52 81 644
52 83 8218
52 77 5058
52 79 1652
52 76 7177
52 74 5832
52 88 4133
52 86 6536
52 89 9415
52 78 5652
52 72 2959
52 82 3654
52 71 7554
52 85 5902
52 68 1314
53 87 3179
53 68 9893
53 75 8552
53 83 6881
53 80 7663
53 84 3698
53 74 641
53 89 1380
53 78 4492
53 76 4662
54 87 7035
54 80 9866
54 74 8995
54 69 1917
54 72 2267
54 71 7362
54 82 6608
55 84 6303
56 84 2571
56 81 6586
56 82 6669
56 70 5375
56 77 6473
56 72 9129
56 69 4685
56 86 4969
56 74 3335
56 78 6718
56 85 8517
57 76 6443
57 89 7391
57 80 6729
57 88 9211
57 69 1613
57 74 7448
57 81 7238
57 82 5265
57 85 5074
57 68 7730
57 75 6245
58 72 746
58 87 1182
58 73 2132
58 68 4562
58 71 1911
58 89 7653
59 71 2885
59 80 5123
59 77 8393
59 73 1846
59 81 4574
59 70 5050
59 79 4605
59 86 8417
59 84 1455
59 87 4183
59 83 5529
59 76 1452
59 89 9710
59 68 9326
59 69 9898
59 82 6379
59 88 9631
59 85 2687
60 75 1021
60 77 4270
60 82 2637
60 80 8529
60 88 2916
60 79 5915
60 86 8455
61 77 7751
61 73 1292
61 79 6409
61 89 4524
61 82 4154
61 87 6186
61 81 5319
61 78 9000
61 72 2017
61 71 9509
61 70 3200
61 85 9997
61 83 7028
61 69 6066
61 74 5277
61 75 8025
61 84 1748
61 80 6085
62 79 1474
62 89 2427
63 72 7719
63 71 1761
63 79 1453
63 77 1061
63 81 8948
64 85 1164
64 87 8817
64 80 2923
64 79 1614
64 74 3175
64 72 9591
64 71 9304
64 81 8270
64 88 4959
64 69 6392
64 70 9818
65 71 8132
65 89 9307
65 79 1673
65 78 5628
65 76 5876
65 83 2098
65 88 7466
65 73 5756
65 69 2146
65 70 9695
65 81 3634
65 84 1046
65 85 9023
65 82 4391
66 84 3680
66 85 7637
66 77 1369
66 78 5824
66 82 9174
66 74 1267
66 89 1394
67 87 1524
67 68 7241
67 83 8167
67 69 4327
67 74 7471
67 81 1531
67 75 7698
67 70 9122
67 89 4032
67 84 1843
68 95 7537
68 96 2820
68 99 4403
68 108 3425
68 93 6642
69 92 2073
69 100 9871
69 94 1985
69 97 8236
69 111 1425
69 110 6295
69 105 955
69 104 6676
69 98 2855
69 109 5985
70 93 7981
70 92 1990
70 90 1503
70 94 778
70 98 3789
70 101 1613
70 108 953
70 96 8356
70 91 9197
71 95 3725
71 91 3144
71 105 3604
71 97 5290
71 99 4998
71 102 6381
71 94 7122
71 109 9206
71 111 7424
71 103 5501
72 101 1613
72 102 8532
72 90 5758
72 100 9730
72 104 7919
72 99 1464
72 94 7604
72 103 2916
72 108 5209
72 96 8753
72 107 619
72 92 9772
73 97 5511
73 92 6080
73 90 4360
73 107 9935
73 102 9409
73 94 5910
74 96 2025
74 108 7403
74 104 6566
74 107 1339
74 110 8748
75 92 5012
75 101 1291
75 100 1155
75 94 7100
75 95 1971
75 90 3244
75 110 3997
75 103 9504
75 108 592
75 93 2214
75 105 4988
75 109 8635
75 97 8219
76 93 8244
76 97 1904
76 98 6166
76 91 901
76 95 9803
76 94 1378
77 94 8554
77 100 927
77 99 5689
77 109 1233
77 110 3655
77 104 3672
77 97 2941
77 103 2366
77 90 799
77 108 4059
77 101 4641
77 106 7403
77 98 9422
77 91 2332
77 95 588
77 107 5952
77 111 1897
77 96 1734
77 92 5162
78 106 7329
78 104 9388
78 100 9446
78 103 9527
78 93 3641
78 90 6614
78 109 2083
78 102 853
78 98 6770
78 101 2683
78 99 9919
78 111 1365
78 108 9058
78 95 9705
78 94 6771
79 96 9640
80 90 1162
80 107 4540
80 100 7624
80 92 1171
80 97 836
80 96 8777
80 109 6663
80 108 8415
80 101 9704
80 110 6875
80 93 5993
81 92 8303
81 90 6375
81 91 6448
81 102 525
81 97 654
81 108 880
81 100 2645
81 98 4244
81 103 5516
81 107 662
81 106 1416
81 99 9311
82 102 3584
82 101 6878
82 98 9229
82 96 8700
82 100 512
83 97 2276
83 106 7702
83 90 6929
83 94 2785
83 104 4434
83 93 1751
83 99 8507
83 111 1759
83 108 1912
83 105 2249
84 101 9614
84 90 4884
84 109 2881
84 111 9644
84 95 4137
85 109 8132
85 105 5948
86 107 3060
86 98 5059
86 106 9090
86 111 7163
86 109 721
86 99 7267
86 110 9034
86 108 3892
86 92 4760
86 94 6228
86 102 3911
86 91 9987
86 105 3215
86 100 6369
86 103 7499
87 95 9748
87 102 7307
87 109 2561
87 103 4639
87 97 7602
87 107 4865
87 110 7797
87 91 3548
87 90 2146
87 101 8174
88 91 3570
88 90 4474
88 106 3223
88 93 7275
88 95 6148
88 108 5447
88 104 8116
88 97 1260
89 99 5819
89 111 3799
89 101 5811
89 96 9824
89 108 607
89 103 7811
89 98 7241
89 91 8320
89 95 5305
89 109 7891
89 104 7578
89 92 4571
89 106 4811
89 90 2481
89 100 2916
89 97 6695
89 102 8781
89 107 4847
89 93 1912
90 132 6162
90 122 1604
90 126 9105
91 133 648
91 126 3938
91 114 3950
91 129 1551
91 117 4853
91 131 9617
91 118 3680
91 119 7633
91 121 5228
91 130 4393
91 116 8393
92 125 1591
92 126 6994
92 123 6817
92 122 2915
92 124 9346
92 119 9773
92 128 8755
92 114 4331
92 127 9728
92 116 4332
93 131 888
93 120 1563
93 133 7319
93 130 5944
93 127 2249
93 125 1798
93 123 8890
93 128 6863
93 116 5595
93 124 8299
93 115 7512
93 112 2113
93 114 7723
93 117 6731
93 129 1556
93 122 1161
94 127 8054
94 123 9107
94 129 5336
94 118 2499
94 120 6595
95 122 5371
95 115 6433
95 129 800
95 118 4585
95 132 3659
95 113 6447
95 117 7836
95 126 2177
95 125 899
95 112 1333
95 121 9459
95 128 8534
95 123 8197
95 114 4077
95 131 1591
95 133 4576
95 119 5917
95 124 8400
96 130 1417
96 118 6171
96 115 4019
96 131 802
96 116 732
96 112 4812
96 123 693
96 120 7364
96 125 9054
96 121 3116
96 127 5684
96 126 6102
96 113 8303
96 133 8050
96 124 4182
97 118 2129
97 127 5919
97 123 7306
97 132 4740
97 133 8932
97 119 4740
97 112 1285
97 113 8074
97 124 7448
97 120 527
97 130 4918
97 131 855
97 126 1635
97 116 5484
97 125 4598
97 128 2992
97 114 4202
98 121 1727
98 122 4760
99 129 4946
99 121 3464
99 119 9651
99 127 9182
99 112 9310
99 114 6177
99 131 1455
99 126 3570
99 133 1774
99 124 1213
99 115 7113
99 118 916
99 125 6906
99 123 9675
99 128 2252
99 117 2964
99 130 3899
99 132 2790
100 119 3901
100 127 4306
100 133 1723
100 131 5650
100 132 4482
100 126 4634
101 125 8456
101 123 6175
101 129 6581
101 112 3619
101 113 816
101 127 4656
101 116 1999
101 114 4603
101 128 4468
101 122 1856
102 124 501
102 128 3013
102 127 4368
102 125 3653
102 133 1892
102 114 7015
102 120 1652
103 116 3224
103 128 4134
103 113 3995
103 123 537
103 133 2310
103 120 4990
104 113 4991
104 115 6034
104 126 6940
104 131 6857
104 116 4780
104 129 6705
104 123 8827
104 128 5423
104 112 1817
104 125 4640
105 114 6867
105 123 4714
105 121 6581
105 115 699
105 124 6011
105 125 4437
105 116 4749
105 119 5346
105 120 6469
105 113 6506
106 119 1947
106 117 3898
106 112 886
106 127 8888
106 120 7894
106 113 5456
106 126 9495
106 133 8964
106 131 3891
106 114 8074
107 133 4200
107 119 9618
108 112 2053
108 113 9498
108 133 9564
108 123 856
109 126 7592
109 127 8384
109 129 2096
109 128 818
109 112 2808
109 124 5334
109 133 8768
109 125 8614
109 130 8220
109 120 6193
109 115 6174
109 121 3362
110 116 4466
110 124 4500
110 123 5867
110 130 3093
110 118 6685
110 125 2887
110 122 6869
110 133 6677
111 125 5085
111 133 936
111 124 7082
111 130 4944
111 115 721
111 117 8222
111 113 3014
112 135 7719
112 151 9705
112 141 2711
112 155 7812
112 139 6443
112 140 7879
112 146 2079
112 147 5857
112 154 805
112 134 7051
112 145 7296
112 150 7331
112 143 3960
112 152 5197
112 137 1089
112 149 7494
112 153 2876
112 144 7772
112 148 5018
113 144 1401
113 152 4811
113 151 4763
113 146 3086
113 155 5386
113 142 987
113 145 7253
113 154 3021
113 153 1002
113 147 3482
113 134 5335
114 149 2433
114 137 541
114 150 1854
114 152 9678
114 146 8841
114 145 4896
114 155 1372
114 140 1953
114 135 8558
114 134 4701
114 138 7765
114 154 1932
114 144 4597
114 147 2330
114 143 8815
114 151 5615
114 141 5348
114 153 6591
114 142 3184
115 144 4336
115 136 7266
115 135 7367
115 140 8291
115 143 7905
115 152 1154
115 137 3387
115 155 2036
115 146 2519
115 141 5529
116 148 6768
116 152 3942
116 153 6378
116 137 3229
116 154 3818
116 149 5120
116 139 5390
116 136 3832
117 150 5379
118 144 5074
118 148 2105
118 139 4099
118 153 2498
118 142 8401
118 155 9698
118 146 3541
118 134 1697
118 152 4244
118 149 8212
118 147 1776
118 136 7068
119 148 4907
119 138 9067
119 150 1744
119 140 8826
119 154 9088
119 135 3958
119 141 7731
119 134 6209
119 144 2164
119 145 9852
119 151 8708
119 149 9905
119 147 7367
119 152 632
119 137 4155
119 153 7122
120 152 6368
120 146 2804
120 149 9822
120 155 9447
120 143 7826
120 150 6536
120 144 6062
120 145 3689
120 134 3858
120 154 1307
120 151 3425
120 153 1192
120 141 2049
120 148 5823
120 147 7171
120 138 1414
121 146 8934
122 147 5733
122 144 7094
122 136 7562
122 142 1681
122 146 6627
122 138 3387
122 149 6749
123 152 8918
123 149 3033
123 153 6623
123 134 6012
124 147 7882
124 149 3917
124 146 1678
124 154 2756
124 135 5503
124 142 3090
124 136 558
124 151 3313
124 155 3223
124 141 8024
124 153 829
124 150 1151
124 144 3469
124 148 7838
124 138 7773
124 152 1019
124 143 681
124 134 2355
124 140 2110
125 150 7828
125 146 7867
126 151 6159
126 144 2348
126 150 4762
126 146 6777
126 137 3569
126 141 9139
127 143 1100
128 152 4957
128 153 5073
128 154 1721
128 145 9916
128 135 5062
128 149 5084
128 142 6589
129 136 4801
129 153 9603
129 148 7835
130 154 4251
130 143 7889
130 141 7433
130 134 1186
130 136 6320
130 152 2208
130 138 3810
130 155 5251
130 139 5846
130 140 7607
131 145 3170
131 155 3988
131 143 7187
131 134 3156
131 138 5254
131 149 2938
131 154 7652
131 142 4234
132 149 9294
132 147 6667
132 152 8839
132 137 4734
132 151 5808
132 136 659
132 142 985
132 141 4495
132 150 5857
132 153 8845
132 143 4406
132 146 6511
132 144 6674
132 140 634
132 145 1796
132 138 2709
132 155 8526
133 135 5073
134 162 9927
134 164 2578
135 168 8670
135 156 9993
135 170 3462
135 169 5610
135 164 2191
135 171 811
135 160 4460
135 173 5673
135 172 1473
136 160 6597
136 171 971
136 163 6055
136 158 2180
136 166 2898
136 161 7510
136 165 1880
136 173 5023
136 162 6548
136 170 610
136 164 3851
136 167 9241
136 168 2433
137 171 6829
137 172 9884
137 165 2620
137 158 2550
137 175 526
137 169 1115
137 176 8339
137 159 1586
137 156 4485
137 177 3603
137 168 1225
137 173 5021
137 163 9717
137 157 9975
137 162 9945
138 168 1247
138 164 5397
138 158 2894
139 160 3569
139 168 4834
139 161 8422
139 177 5723
139 174 8106
139 169 3822
139 159 3832
139 167 4950
139 171 6156
139 175 4840
139 157 4483
139 172 5527
139 173 4455
139 166 3246
139 170 9838
139 156 6644
139 176 3856
139 165 9451
139 158 3156
140 162 8828
140 169 2026
140 174 1305
140 168 1047
140 167 7077
140 172 8005
140 159 9792
140 164 9767
140 161 6598
140 158 9082
140 177 4288
140 171 5409
140 166 6655
140 176 4944
140 173 5932
140 170 2388
140 156 6639
141 163 9527
141 158 4545
141 160 4161
141 168 1624
141 177 3117
141 164 7744
141 176 1103
141 157 737
141 169 4092
141 172 3820
142 161 9339
142 162 6957
142 172 5560
142 164 1210
142 168 6599
142 157 4778
142 173 2268
142 163 1244
142 174 1393
142 175 806
143 165 2374
143 168 9519
143 177 8993
143 163 3064
143 169 9398
143 160 1405
143 176 4974
143 174 6131
143 172 8892
143 170 9865
143 166 6478
143 164 622
143 159 6995
144 164 8759
144 176 1918
144 170 5211
145 157 2894
146 159 5745
146 173 1543
146 170 4613
146 161 4839
146 156 3565
146 163 7110
146 175 7926
146 168 5854
146 172 8887
146 164 2748
146 162 3885
146 169 6773
146 176 5745
146 158 6820
147 162 4014
147 160 2860
147 171 1121
147 173 1649
147 174 612
147 168 5733
147 176 2837
147 172 7899
147 159 7228
147 166 8312
148 156 7804
148 167 6542
148 172 5837
148 173 1968
148 177 1063
148 166 4346
148 160 2745
149 162 3907
149 173 1669
149 175 5195
149 164 4725
149 167 5844
149 165 5114
149 171 6899
149 177 7417
149 159 9335
149 172 4700
149 168 4524
149 166 6727
149 176 5365
149 156 1129
150 175 9331
150 168 4240
150 162 4790
150 174 8113
150 177 3843
150 163 3367
150 160 4831
150 171 5124
150 170 4606
150 166 4389
150 158 3586
150 169 2157
151 163 9838
151 177 5939
151 169 3021
151 164 7874
151 176 9020
151 166 6572
151 161 2879
151 157 3487
151 171 1203
151 159 2523
151 165 9171
151 167 6100
151 175 5237
151 170 1904
151 173 1210
151 160 5468
152 169 4477
152 167 5729
153 164 993
153 163 7612
153 176 7571
153 170 3131
154 173 957
154 160 975
154 175 7468
154 169 3974
154 163 3024
154 161 4993
154 162 3795
154 156 7061
154 157 5308
154 166 1908
154 165 4596
154 171 9257
154 170 9263
154 167 8300
154 158 5637
155 156 9313
155 176 8340
155 160 7675
155 159 5817
155 170 7349
155 161 4571
156 192 3245
157 195 2297
157 188 8354
158 197 9840
158 194 3620
158 196 1464
158 195 7876
158 189 9323
158 198 6714
158 193 1590
158 190 1429
158 180 6977
158 192 1686
158 179 8048
158 191 2222
158 183 5707
158 187 8192
158 186 7252
159 182 8530
159 193 4472
159 178 5438
159 198 7364
159 183 9907
159 191 5724
159 181 9388
159 187 4852
160 186 4778
161 194 6813
161 196 6669
161 183 3166
161 184 2705
161 187 2675
161 186 6303
161 197 9034
161 178 1933
162 182 2436
162 185 6089
162 199 815
162 180 5203
162 193 9103
163 191 706
163 194 1376
163 186 7202
163 185 7058
163 189 2275
163 182 6379
163 187 9147
163 180 7915
163 188 1018
163 184 4199
164 197 8888
164 198 8469
164 189 972
164 199 8753
164 196 5831
164 178 2018
164 181 9368
164 192 7911
164 191 6416
164 186 8480
165 194 532
165 183 6198
165 193 2959
165 197 3363
165 185 6690
165 189 3476
165 186 2538
165 196 3763
166 183 9169
166 196 9209
166 184 1161
166 193 9598
166 197 5189
166 190 7576
166 195 6854
166 194 3566
166 181 8365
166 179 697
166 182 4731
166 192 2215
167 198 7951
167 189 2102
167 183 4191
167 185 2269
167 184 9109
167 181 4898
167 191 6505
167 194 6435
167 187 1983
168 190 2730
168 189 6595
168 194 2370
168 180 6561
168 195 1626
168 186 3961
168 197 5671
168 182 9314
168 185 2559
168 192 9368
168 188 2180
168 179 8489
168 181 8693
168 193 9211
168 183 3386
168 184 5746
169 184 8586
169 183 7199
169 178 7823
169 197 3866
169 199 5178
169 192 2025
169 179 3698
169 194 9262
169 181 4441
169 196 598
169 189 4994
169 180 5926
170 182 7747
171 195 2864
171 199 2677
171 198 8668
171 189 4560
171 184 8076
171 196 7632
171 192 2660
172 191 1504
172 179 2103
173 182 9144
173 194 3902
174 185 5214
174 194 707
174 178 9656
174 187 9445
174 192 8516
174 179 4989
174 180 2297
174 182 5737
174 197 8991
174 191 6870
174 189 558
174 186 6051
174 193 1761
174 181 9382
174 195 1411
174 199 7607
174 196 521
174 190 4319
174 188 6495
175 182 1300
175 184 4164
175 192 9999
175 180 6807
175 178 7104
175 188 5226
175 181 1861
175 185 3319
175 186 6777
175 187 8179
175 179 2230
175 196 6467
175 183 4905
175 191 5392
175 197 9583
175 190 707
175 194 9781
175 189 2096
176 199 9570
176 193 9714
176 179 5265
176 198 8052
176 180 9042
176 194 3031
176 192 9175
176 182 3400
176 196 1900
176 197 5725
177 182 9208
177 195 4416
177 187 1259
177 179 1712
177 198 1407
177 180 3833
177 188 8603
178 219 538
178 214 5904
178 200 810
178 217 5609
178 215 9904
178 220 2935
179 201 9444
179 214 3940
179 208 2019
179 204 5206
179 205 8111
179 210 4538
179 217 2830
179 216 2354
179 213 673
180 221 633
180 205 2042
180 214 1719
180 210 8349
181 218 7290
181 211 2314
181 209 1188
181 203 3937
181 200 6773
181 206 9587
181 207 1486
181 210 586
181 219 3277
181 201 9120
181 217 9005
181 202 4672
181 220 8328
181 221 3499
181 204 5256
181 213 2145
181 212 1765
182 202 9540
182 200 1958
182 221 2776
182 215 1612
182 204 2828
182 220 1111
182 203 7505
182 216 5617
182 211 7180
183 208 8694
183 212 826
183 221 3851
183 206 2850
183 209 3377
183 214 7548
183 217 5284
184 220 7290
184 213 2570
184 216 4148
184 219 4756
184 221 4634
184 204 3374
184 203 1481
184 200 9033
184 215 7078
184 210 6553
184 205 7608
184 211 2800
184 212 3424
184 218 935
184 206 2612
185 219 4168
185 212 5101
185 221 1458
186 213 4453
186 202 5186
186 205 6397
186 209 6751
187 205 576
187 210 5611
187 214 3485
187 203 6176
187 219 7926
187 209 8790
187 202 8959
187 206 1020
187 215 5757
187 217 2117
187 218 5407
187 201 6294
187 220 574
187 207 2608
187 204 2419
187 216 7954
187 211 5462
187 212 2778
188 201 5177
189 218 9543
189 202 9833
189 221 9184
189 207 1345
189 215 7761
189 204 694
189 208 6690
189 212 4628
189 205 9096
189 210 2345
189 211 9738
189 209 2115
189 206 8269
189 214 6669
189 217 2239
189 201 4855
189 220 948
189 219 3507
189 203 9575
190 203 8261
190 205 3018
190 200 4437
190 214 2111
190 208 4400
190 216 6618
190 210 8680
191 201 9147
191 221 8512
191 204 4846
192 217 8507
192 200 2307
193 214 7833
193 211 7344
193 201 6932
193 219 2420
193 216 4921
193 207 9737
193 200 8972
193 218 7052
193 220 1546
193 202 1060
193 213 7543
193 208 5628
193 206 7928
193 204 6046
194 221 3549
194 212 6117
194 211 6710
194 217 8291
194 207 2218
194 204 8828
195 207 9805
195 201 1369
195 215 1834
195 211 8836
195 200 2699
195 209 5553
195 213 3036
196 204 1017
197 209 672
197 218 4031
197 215 2312
198 214 523
198 221 1870
198 209 1313
198 200 3567
198 211 1054
198 220 4439
198 210 2393
198 218 7552
198 202 6280
198 204 7701
198 201 7152
198 206 5043
198 217 5950
198 208 807
198 215 6585
198 205 5455
198 213 6949
198 207 7308
198 219 3176
199 220 6618
199 204 2098
199 207 3377
199 213 6062
199 212 7014
199 205 2015
199 211 7658
200 222 5964
201 239 3442
201 226 8835
201 236 1248
202 242 6726
202 239 2120
202 238 5339
202 227 6691
203 243 514
203 236 1870
203 241 3180
203 228 1297
203 227 3076
203 226 8210
203 239 2184
203 238 7980
204 232 4379
204 228 5803
204 242 8272
204 233 8123
204 238 8740
204 230 9893
204 235 3252
204 226 9520
204 229 5158
204 243 3529
204 237 2849
204 231 6771
204 239 9815
204 240 7508
204 241 6084
204 222 5865
204 236 8662
204 227 8908
205 237 3847
205 239 6331
205 240 6196
205 228 8360
205 225 8507
205 238 7643
205 226 9312
205 234 6561
206 229 9966
206 231 7199
206 238 3393
206 225 2415
206 222 6691
206 233 3751
206 242 3273
206 227 2045
206 230 6039
206 236 9403
206 243 4490
206 232 3150
206 234 5813
206 237 6319
207 225 2960
207 243 6097
207 231 704
207 239 9527
207 230 3661
207 237 9382
207 232 6277
207 224 9479
207 241 6123
207 236 3829
207 226 6564
207 222 9462
207 234 3786
207 228 4994
207 242 7120
207 233 2446
207 227 4083
207 238 3781
208 242 4682
208 228 8380
208 237 4100
208 240 7135
208 225 8408
208 233 1572
208 226 5786
208 231 4466
208 235 7225
209 235 7263
209 232 3053
209 231 3179
210 234 6808
210 226 630
210 233 3721
210 224 2656
210 237 5347
210 229 5101
210 225 1287
211 239 8907
211 241 8227
211 226 7929
211 240 7275
211 222 1416
211 231 6319
211 228 6368
212 228 1100
212 241 2999
212 224 2888
212 230 1438
212 235 1286
212 239 9651
212 229 3494
212 237 7502
212 223 6877
212 236 5016
212 222 2765
212 227 3644
212 238 2948
212 234 5074
212 243 9764
213 238 9440
213 243 8273
213 231 5548
213 242 2242
213 232 4463
213 224 3318
213 237 6220
214 222 7490
214 227 3212
214 229 7063
214 234 4569
214 243 8995
214 226 958
214 236 3620
214 237 7393
214 231 9904
214 232 3819
214 242 3322
214 239 7568
214 223 6980
215 240 8942
215 239 1381
215 228 3382
215 242 806
215 231 9779
215 227 8296
215 237 9798
215 229 1555
215 241 3657
215 243 5436
215 235 643
215 233 5737
215 230 2407
215 234 8736
215 238 7995
215 232 6631
216 236 9811
216 232 3430
216 237 7388
216 231 8208
216 240 7794
216 227 4647
216 239 5861
216 226 2449
216 233 827
216 224 6983
216 234 8492
217 242 2714
217 238 3976
217 235 6822
217 240 6349
218 241 6351
218 228 7118
218 231 2030
218 230 806
218 235 3665
218 239 1531
219 233 3478
219 230 1764
219 224 4735
219 227 3776
219 239 6186
219 225 1833
219 222 7533
219 243 3931
219 240 614
219 236 9040
219 241 7463
219 237 3916
219 232 9423
219 231 6462
220 237 6618
220 233 9544
220 238 8560
220 239 2787
220 242 4691
220 240 7405
221 237 7204
221 242 7527
221 232 6693
221 235 1238
221 231 5102
221 223 7976
221 224 5842
221 233 3764
221 243 6566
221 241 1815
222 261 9842
222 264 718
222 257 9588
222 255 1186
222 245 4673
222 250 6537
222 249 9958
222 248 935
222 258 9914
222 262 2238
222 256 7190
222 251 2120
222 253 3691
222 260 8661
222 246 5071
222 247 3589
222 254 4512
222 263 9815
222 259 5437
223 265 7360
223 248 1876
223 255 517
223 251 7965
223 245 9496
223 244 2560
223 246 6421
223 256 2368
223 260 3267
223 250 7633
223 259 1612
223 249 9241
224 262 4166
224 261 7904
224 244 2071
225 255 2409
225 256 5803
225 263 9165
225 244 9476
225 258 5298
225 248 2422
225 249 6242
225 247 7287
225 254 8536
225 252 7985
225 257 8928
225 250 4382
225 253 8541
225 251 9670
225 246 3896
225 259 5427
225 261 3731
225 265 7707
226 254 1937
226 244 3364
226 257 2661
226 261 7198
226 256 9240
226 248 3613
226 247 1864
226 264 672
226 252 1909
226 262 6201
226 263 1362
226 260 879
226 255 4004
227 259 6314
227 249 4792
228 256 7940
228 245 4986
228 262 6386
228 255 5472
228 246 7683
228 258 3106
228 253 7571
228 251 8567
228 248 7453
228 260 8527
228 259 5103
228 254 3448
229 264 942
229 244 2093
229 263 6609
229 245 4535
229 261 687
229 257 5991
229 246 3314
229 253 5873
229 258 1390
229 260 9411
229 255 5096
230 249 8567
230 253 9777
230 248 4763
230 262 7820
230 247 3412
230 255 1888
230 261 1423
230 250 1907
230 258 2309
230 259 5958
230 252 2482
230 244 6661
230 265 9696
231 257 1081
231 265 1661
231 254 8751
231 248 5520
231 246 1760
231 249 3229
231 264 1948
231 261 3686
231 262 4415
231 250 7920
232 250 8655
232 248 858
232 262 3396
232 253 1346
232 249 5096
232 246 533
232 257 8918
233 254 8675
233 244 7056
233 247 1764
233 250 8327
233 261 9996
233 260 9673
233 255 2056
233 262 6140
233 259 1947
233 258 7342
233 256 9524
233 257 1600
233 253 7281
233 264 6708
233 246 2276
233 252 6085
233 248 8125
234 252 3745
234 265 5815
234 259 9129
234 253 9916
234 244 6891
234 251 2089
234 249 1638
234 255 3079
234 263 977
234 246 4974
234 257 3301
234 264 6790
235 255 9279
235 245 8535
235 254 2879
235 258 9470
236 263 636
237 262 9863
237 246 3585
237 257 3900
237 264 3217
237 255 3556
237 263 3241
238 250 853
238 261 8448
238 265 1719
238 245 2871
238 246 1845
238 244 2814
238 257 8082
238 258 1043
238 256 5526
238 255 1711
238 259 3430
238 263 9291
238 264 2042
238 260 6208
238 251 9892
238 252 2097
239 254 9803
239 263 6754
239 246 4340
239 251 7018
239 244 4316
239 250 8329
239 264 4139
239 252 5238
239 259 4536
239 256 9391
239 258 4419
239 247 5673
240 246 8453
240 255 1480
240 252 2265
240 251 5503
240 257 803
240 249 1336
240 250 2047
240 247 9259
240 261 1176
240 253 3234
240 262 7829
240 248 6968
240 260 2460
240 244 598
241 257 9769
241 261 8890
241 263 4656
241 252 1592
241 260 3279
241 253 8714
241 258 1361
241 244 8958
241 246 1935
241 265 4198
241 249 4795
241 251 6845
241 250 2044
241 256 2106
241 255 3712
241 254 8421
242 245 851
242 262 5672
242 259 9999
242 250 8273
242 251 8848
242 255 2919
242 252 8265
242 258 5255
242 261 8841
242 263 647
242 253 1167
242 249 4706
242 257 4191
242 265 2302
242 256 1972
243 247 7570
244 266 2978
244 272 7797
244 268 4209
245 270 3817
245 266 6691
245 279 6341
245 281 8032
245 271 1836
245 283 2723
245 286 5575
245 287 6040
245 269 6748
245 272 7076
245 285 7486
245 273 9255
245 274 1828
245 276 853
246 269 3650
246 274 7609
246 271 1624
246 285 4966
246 283 2540
246 266 1163
246 276 2194
246 275 5860
246 281 7910
246 284 2298
246 280 5717
246 277 2303
246 282 9060
246 278 3373
246 287 5652
246 279 2558
246 273 6785
247 266 8366
247 285 8297
247 273 6684
247 284 2756
247 269 7826
248 270 2730
248 279 3633
248 268 4744
248 271 2511
248 275 9003
248 281 1296
248 278 8121
248 277 8951
248 276 5567
248 285 5849
248 287 3874
248 267 3183
248 286 4849
248 280 8409
248 284 4366
249 287 9573
249 285 6921
249 284 1586
249 268 5014
249 275 4435
249 278 8763
249 272 1443
249 277 4703
249 270 4737
249 282 2264
250 271 9041
251 276 4620
251 285 2139
251 287 8844
251 274 792
251 286 9420
251 279 6252
251 278 5202
251 273 4544
251 266 3170
251 271 1647
252 271 1540
252 272 1022
252 270 832
252 284 4605
253 282 8286
253 269 3985
253 276 9271
253 277 4868
253 278 3034
253 266 6424
254 270 939
254 272 3086
254 269 811
254 273 4527
255 274 589
255 283 729
255 272 7086
255 281 5573
255 269 8211
255 286 5884
255 268 5027
255 279 508
255 284 4257
255 273 5074
255 270 6288
255 278 2667
255 282 1811
255 266 8413
255 276 6378
255 280 2561
256 280 1765
256 274 8131
256 268 993
256 270 6420
256 278 8861
256 267 4853
256 283 1564
256 273 2313
256 285 6762
256 287 6119
256 284 5323
256 275 3953
256 269 1115
256 277 6193
256 286 5987
256 281 5970
256 266 641
256 276 6569
257 272 7874
257 276 5663
257 274 5213
257 268 4633
257 266 3592
257 273 7795
257 279 2567
257 271 2223
257 282 7551
257 287 4986
257 284 6431
257 283 4093
257 277 8109
257 286 3641
257 280 5885
257 278 4976
257 270 3955
257 285 2908
258 270 2740
258 285 6647
258 278 7746
258 273 9536
258 277 7132
258 286 7349
258 275 3406
258 267 3639
258 272 9036
258 271 3210
258 280 6221
258 268 5934
258 287 7588
258 274 4715
259 275 1628
259 283 6350
259 281 4698
259 277 7271
259 287 8642
259 272 1996
259 286 3534
259 274 3465
259 285 1229
259 284 7779
259 279 8612
259 268 6364
259 276 5517
259 271 9642
259 270 3279
259 269 5681
260 284 1462
260 281 2806
260 280 2609
260 287 8419
260 270 2112
260 279 1892
260 283 9143
260 277 6038
260 282 3023
260 273 3502
260 267 1924
260 274 6824
260 285 1448
260 268 3855
260 272 3160
260 275 6102
260 276 3352
260 278 4404
261 287 639
261 275 5069
261 282 2028
261 278 6480
261 283 7970
261 280 1376
261 286 4441
261 277 7144
261 268 7914
261 274 5420
261 269 4977
261 270 3084
261 271 3080
262 275 4051
262 278 8457
262 285 5182
262 266 5262
262 273 4905
262 280 5226
262 286 4173
262 283 7456
262 279 6658
262 277 9756
262 269 6115
262 272 9650
262 281 7037
262 287 3535
262 268 8017
262 274 5370
262 267 3215
263 274 4338
263 283 6164
263 284 2775
263 270 1281
263 268 2209
263 269 2929
263 267 1834
263 273 8269
263 287 8052
263 281 1771
263 276 7138
263 282 9475
263 279 5260
263 277 8292
263 278 4774
263 275 7959
263 266 3868
263 285 1295
264 278 6031
264 276 4882
264 281 8905
264 287 1726
264 285 9334
264 271 6279
264 284 1428
264 272 9198
264 277 8010
264 280 8829
264 273 2577
264 286 6950
264 268 7521
264 270 5334
264 279 8847
264 267 3920
264 282 7149
264 283 5926
265 273 9284
265 279 8897
265 274 6798
265 276 815
265 277 3587
265 267 7726
265 283 6393
266 288 5622
266 291 4022
266 292 6272
266 300 7300
266 306 973
266 303 8236
266 289 2668
266 308 6712
267 297 6216
267 292 6001
267 306 9888
268 307 1121
268 290 6684
268 304 6757
268 302 9524
268 306 6429
268 300 9875
268 292 4293
268 299 4368
268 301 4863
268 294 5412
268 291 5968
269 300 7177
269 294 3301
269 309 6258
269 307 5849
269 293 8277
269 303 5523
269 301 4290
269 306 9417
269 304 2797
269 292 8464
269 298 1603
269 305 9109
269 302 1575
269 296 6291
269 289 3276
269 297 1833
270 304 9713
270 305 6730
270 300 7240
270 309 4001
270 296 1887
270 288 8647
270 308 8849
270 307 9979
270 295 8314
270 291 1519
270 293 2572
270 292 4006
270 299 2531
270 289 5303
271 304 6912
271 293 2788
271 296 8880
271 303 1511
271 302 5052
271 288 1987
271 306 3054
271 300 6300
271 298 3753
271 309 628
271 305 9466
271 294 4092
271 292 8529
271 308 7749
271 307 6158
272 291 8615
272 295 8965
272 300 5563
272 299 3530
273 309 4573
273 292 8791
273 296 9527
273 297 927
273 307 8566
273 288 3694
273 305 4495
273 300 8668
273 294 4237
273 291 3881
273 306 7118
273 290 9880
273 303 8031
273 302 3837
273 298 5088
273 308 4809
273 301 4419
273 299 5675
273 295 6254
274 298 5532
274 288 7536
274 296 7796
274 306 7869
274 301 9579
274 302 6448
274 289 9633
274 305 1209
274 297 2746
274 294 6066
274 304 6986
274 303 9210
274 308 8821
274 295 9888
274 293 2079
274 292 9813
274 290 772
275 294 7754
275 309 1232
275 297 1477
275 300 1472
275 290 1837
275 288 3495
275 304 3843
275 296 7378
275 306 3595
275 307 7176
275 303 1871
275 293 4442
275 302 9517
275 308 6871
275 289 4901
275 301 6593
275 292 2569
275 298 5948
275 291 6917
276 294 3159
276 309 3230
276 305 9146
276 307 1607
276 292 2015
276 303 4582
276 302 3464
276 295 8798
276 289 849
276 291 1689
277 309 2514
277 299 5183
277 293 872
277 292 2710
277 301 6034
277 302 1366
277 307 8723
277 295 2001
277 308 2998
277 288 9614
278 297 6311
278 299 7142
278 290 4994
278 293 4752
278 296 2368
278 292 1338
278 294 8934
278 291 2124
279 296 7655
280 302 8017
280 293 6517
280 295 7032
280 306 7708
280 301 5796
280 297 1002
280 303 1279
281 304 6811
281 307 1037
281 298 3418
281 305 2004
281 299 3917
281 302 3716
281 303 8439
281 295 8098
281 290 2386
281 308 6051
281 306 6392
281 291 8787
281 300 6616
281 288 4115
281 309 9456
281 289 1656
281 292 8729
282 302 6448
282 299 1684
282 293 1170
282 296 6821
282 297 4358
282 305 7453
282 304 9252
282 294 3449
282 306 4285
282 295 7235
283 293 9891
283 298 8453
283 300 4533
283 297 4668
284 289 4440
284 308 9976
284 303 7151
284 297 5025
284 304 7976
284 291 9022
284 290 4808
284 301 3062
284 300 8923
284 288 2570
284 306 5494
284 295 4494
284 302 4394
285 289 4567
286 309 3594
287 294 2014
287 289 5138
287 304 6210
287 302 7493
288 327 6631
288 329 786
288 326 1753
288 317 5891
288 314 2902
288 324 8806
289 328 3626
289 324 6232
289 311 2605
289 320 1559
289 319 7270
289 321 9660
289 318 8277
289 326 7804
290 311 6600
290 316 748
291 331 5244
291 312 4824
291 324 8919
291 328 7730
291 316 9537
291 317 1835
291 319 9027
291 320 3067
291 313 4224
291 330 820
291 311 3838
291 327 4526
292 321 9087
292 322 4184
292 311 522
292 331 9138
292 310 5034
292 319 6834
292 326 1937
292 317 4752
292 329 9052
292 324 2223
292 312 1291
292 314 1001
293 314 1207
293 311 5612
293 316 1508
293 322 3475
293 315 8559
293 331 6867
294 318 7549
294 310 9864
295 314 7371
296 325 6266
296 315 2433
296 312 9904
296 330 7599
296 313 7804
296 323 6540
296 327 8014
296 317 4496
296 311 864
296 328 8212
296 318 1373
296 324 1249
296 326 8808
296 319 3620
296 316 4384
296 321 4490
296 322 2013
296 331 5966
296 320 2393
297 317 2797
297 318 1616
297 322 8952
297 316 955
297 331 6394
297 310 5364
297 329 4543
298 316 723
299 316 2291
299 319 8997
299 330 9552
299 324 7830
299 328 5857
300 327 4586
300 320 2484
300 311 6837
300 316 3851
300 323 8512
300 326 5716
300 328 7361
300 318 9402
300 312 9231
300 329 8643
300 325 2285
300 330 5273
300 315 2620
300 314 3412
301 329 9823
301 322 8713
301 324 6232
301 321 9699
301 327 7615
301 330 5211
301 310 4791
301 320 1157
301 331 7027
301 323 4574
301 316 3545
301 311 5067
301 313 9283
301 314 3645
301 318 5474
301 312 3879
301 319 3933
301 326 861
302 327 7533
302 316 2392
302 329 8038
302 320 834
302 321 3294
302 328 9339
302 325 3474
302 318 5949
302 324 3006
302 315 907
302 312 8200
303 316 6173
303 321 4696
303 320 5888
303 319 933
303 322 5392
303 329 7955
303 330 1986
303 312 6858
303 318 2699
303 311 1052
303 324 4770
303 314 6731
303 327 2370
304 327 8629
304 313 1677
304 329 9202
304 318 4315
304 319 8864
304 311 9172
304 330 9660
305 312 9583
305 314 3701
305 323 2613
305 326 7498
306 312 4279
306 319 8165
306 316 9804
306 331 1421
306 318 8277
306 315 4834
306 325 5725
306 327 9959
306 317 2714
306 326 2288
306 310 7907
306 314 6820
306 311 5031
306 330 2698
306 322 2983
306 313 8292
306 321 9339
307 321 8443
307 329 7814
307 324 8542
307 315 5992
307 330 4175
307 322 8353
307 311 715
307 331 4173
307 318 3785
307 323 4340
308 310 7645
308 327 9572
308 321 1022
308 312 6787
308 330 7700
308 316 646
308 329 7033
309 310 5058
309 317 3704
309 321 3815
309 325 2512
309 326 9107
310 348 5471
310 341 1872
310 343 1503
310 352 8342
310 345 1044
310 353 6796
310 346 5981
310 342 9070
311 345 3272
311 348 5992
311 342 5195
311 349 9294
311 341 8263
311 343 8890
311 347 3881
311 346 4737
311 332 873
311 339 7478
311 337 8132
312 349 685
312 340 3562
312 341 8782
313 342 4833
313 335 3417
313 340 5686
313 334 7765
313 333 9964
313 352 8861
314 345 4974
314 332 2588
314 338 8985
314 340 4936
314 333 7330
315 342 7646
315 340 6495
315 345 1724
316 340 1892
316 343 2527
316 332 929
317 348 2549
317 349 3339
317 338 2715
317 353 9904
317 334 7003
317 332 1221
317 337 6418
317 345 5301
317 333 3484
317 341 4826
317 347 5217
317 340 2691
317 336 9739
317 351 2867
317 335 7331
317 350 2916
317 344 2568
317 343 8251
317 346 3118
318 342 9901
318 352 8172
318 335 818
318 344 9207
318 332 4382
318 345 6935
318 338 2436
319 334 7308
319 353 2550
319 343 1624
319 340 7623
319 350 4575
319 336 1528
319 348 5461
319 349 5679
319 342 3487
319 345 6339
320 339 5632
320 352 4630
320 343 5084
320 353 1039
321 352 3404
321 338 7486
321 353 9703
321 350 2697
321 336 5142
322 335 2350
322 344 531
322 345 6047
322 337 4745
322 332 6113
322 338 3224
322 343 3088
322 336 3856
322 340 4094
322 348 8612
322 341 1301
322 350 2075
322 351 4871
322 334 3437
322 353 9686
322 342 2926
323 346 4118
323 345 4214
323 349 789
323 334 9184
323 342 2999
323 344 4125
323 347 9246
323 335 4113
323 343 5331
323 353 1037
323 336 9716
323 337 4243
323 339 9846
323 332 2608
323 350 4559
323 338 4149
324 346 3658
324 333 4827
324 336 2355
324 334 4835
324 344 1237
324 342 2913
324 349 3127
324 353 1104
324 335 8524
324 332 645
324 338 2364
325 349 4468
325 332 9071
325 348 3173
325 345 7258
325 340 912
325 334 5508
325 352 9819
325 339 5637
325 346 5241
325 335 3174
325 344 4522
325 351 8973
325 353 8419
325 341 1414
325 343 5406
325 337 767
325 350 7420
325 342 6790
326 345 2993
326 337 1890
326 352 2423
326 348 5076
326 334 632
326 351 4210
326 339 3025
326 346 4314
326 343 6828
326 333 8936
326 338 9815
326 340 5609
326 332 3157
326 353 1965
326 342 4571
326 341 7931
327 345 6422
327 332 2689
327 352 8523
327 344 8304
327 338 5454
327 353 8621
327 350 7962
328 352 8377
328 347 8506
328 342 7912
328 341 9435
329 337 4989
329 344 9359
329 346 8407
329 341 8600
329 340 5442
329 333 3408
329 351 4318
329 347 8778
329 342 4303
329 338 2886
329 339 1171
329 332 8648
329 334 984
329 352 5831
329 345 1468
330 335 3220
330 343 1387
330 333 5096
331 343 4141
331 353 4264
331 341 7819
331 348 8767
331 338 7517
331 344 5681
331 347 6823
331 352 9327
332 359 8934
332 360 2165
332 375 4882
332 372 8499
333 360 1970
333 372 4610
333 361 1463
334 359 8488
334 367 8136
334 356 1382
334 373 1805
334 362 8491
334 375 2257
334 355 9606
335 368 3168
335 355 2159
335 360 5710
335 356 2549
335 363 1123
335 357 8660
335 354 2499
335 373 983
335 366 8389
335 374 5454
335 362 6607
335 371 3255
335 375 8959
335 367 2183
335 365 1256
335 359 5093
336 356 4726
336 368 2966
336 365 2498
336 373 7573
336 371 2112
336 354 9368
336 370 6822
336 366 3238
336 361 7723
336 367 8209
336 355 3766
336 357 9259
337 373 3215
337 358 9259
337 362 7617
338 366 3371
338 370 1741
338 371 9924
339 358 5997
339 360 991
339 374 8143
339 355 8401
339 370 6363
339 363 3707
339 371 7514
339 372 2557
339 375 3868
339 373 8242
339 366 2222
339 356 3685
339 359 8162
339 361 6669
340 363 697
340 364 8327
340 369 3602
340 359 2973
340 355 3380
341 375 5438
341 373 4662
342 359 5575
342 360 4518
342 370 1864
342 369 4973
342 371 1460
342 374 3002
342 373 9316
342 367 3732
342 365 8216
342 357 2966
342 363 6416
342 361 3783
342 358 5622
342 372 5763
342 356 5259
342 375 7552
343 361 1534
343 375 6403
343 370 4279
343 372 3183
343 362 3899
343 365 6731
343 374 6749
343 364 1677
343 366 3855
343 373 8634
343 368 7679
343 359 6127
343 356 3769
343 363 1721
343 357 1513
343 354 9227
343 369 3564
344 373 8205
344 361 4449
344 364 5229
344 365 9472
344 356 9519
344 363 7251
344 370 7876
344 355 9133
344 358 7351
344 372 5950
344 371 3921
344 374 6889
344 362 7945
344 354 5901
345 360 6129
345 364 7383
345 358 3856
345 371 5300
345 362 9084
345 373 3918
346 358 863
346 368 3041
346 372 7612
346 365 9632
346 374 9662
347 360 9977
347 361 2678
347 366 3441
347 355 8243
347 374 8209
347 375 8639
347 364 5750
347 357 7527
348 373 9362
349 357 5099
349 359 9735
349 371 1329
349 367 7311
349 368 7410
349 369 2463
349 358 5638
349 375 3037
349 370 3308
349 354 4475
349 361 2022
349 373 9960
349 360 649
349 364 7397
350 371 1756
350 364 5487
350 362 6620
350 372 8500
350 366 1722
350 363 871
350 365 9103
350 360 3511
350 373 7575
350 361 7736
350 374 3806
350 369 6108
350 370 6434
350 357 8211
350 356 681
350 355 5572
350 359 7538
350 367 7763
350 375 7518
351 358 5410
351 370 3024
351 359 9913
351 364 6252
351 356 4389
351 354 9522
351 368 5916
351 362 1004
351 363 9707
351 355 7720
351 369 2718
351 374 4985
351 371 5450
351 375 1570
351 367 7982
351 357 3799
351 360 4853
352 354 3870
352 367 2581
352 369 8429
352 373 7731
352 356 5109
352 365 1906
352 362 4688
352 375 5113
352 370 6398
352 359 4632
352 371 3544
352 358 8781
352 364 9263
352 363 3528
352 355 8541
352 374 971
352 360 5613
353 357 8430
353 366 7779
353 365 6841
353 373 9351
353 375 8631
353 356 2315
353 360 928
353 370 9044
353 367 2449
353 359 6704
353 372 1768
353 374 9602
353 362 1830
354 389 4147
354 388 5785
354 393 4931
354 387 2087
355 376 1415
355 379 942
355 387 9712
355 382 3530
355 384 5728
355 396 3985
355 392 6400
355 393 4255
355 389 6191
355 391 778
355 386 8480
355 378 5174
355 377 4930
356 384 1378
356 385 2624
356 397 4751
356 381 6088
356 379 2056
356 391 3164
356 389 9731
356 395 9836
356 380 9915
356 386 2521
356 394 5927
356 377 1158
356 387 2213
357 390 4610
357 385 839
357 376 9597
357 397 4732
357 394 2304
357 380 4589
357 379 1700
357 382 7590
357 395 9671
357 381 5858
357 391 1069
357 393 2692
358 377 1198
358 388 2902
358 394 2199
358 392 7937
358 383 3205
358 391 3061
358 379 4769
358 380 9496
358 389 9532
358 376 7869
358 390 2778
358 378 9260
358 386 1025
358 397 669
358 393 3121
359 376 4492
359 378 4241
359 397 9966
359 379 3754
359 394 9754
359 392 8669
359 380 6741
359 393 7261
359 387 7064
359 377 4936
359 386 5077
360 390 761
360 388 5182
360 382 7995
360 393 8954
360 392 1838
360 387 3001
360 385 3173
360 394 4659
360 378 7200
361 386 5231
361 394 2421
361 379 1203
361 393 4205
361 387 2290
361 392 9963
361 382 2590
361 389 9525
361 391 3040
361 383 3360
361 384 1194
361 388 9817
361 390 1511
362 378 6238
362 392 8350
362 384 1729
362 391 9916
362 380 2885
363 386 9685
364 396 6010
364 382 3615
364 391 8624
364 392 3985
364 376 2604
364 385 1879
364 389 5313
364 384 740
364 377 9774
364 393 7437
364 394 6201
364 388 5717
364 397 1226
364 380 1483
365 385 7894
365 391 8342
366 388 1482
366 391 8195
366 380 1855
366 385 4704
366 392 6119
366 386 3343
366 376 8417
366 397 5349
366 378 8117
366 384 6244
366 390 2446
366 393 8631
367 389 3275
367 378 4245
367 384 4644
367 377 2295
367 388 9305
367 395 1763
367 393 4362
367 390 535
367 386 972
368 386 1990
368 388 4882
368 383 7021
368 397 4131
368 391 8082
368 389 2333
368 392 6896
368 395 6731
368 382 1981
368 384 9134
368 376 4081
368 387 8916
368 379 2833
368 377 2896
368 390 9692
368 381 9778
369 395 2853
369 394 6060
369 378 8680
369 381 1227
369 397 7121
369 391 5650
369 387 8155
369 383 1746
369 377 848
369 380 2325
369 393 5000
369 385 3587
369 390 3288
369 386 7027
369 379 3825
369 392 3928
369 384 9805
369 382 2443
369 389 2823
370 381 5192
370 395 5441
371 391 2562
371 377 8286
372 379 7653
372 396 9833
372 393 3744
372 387 7489
373 392 3368
373 382 6856
373 377 3441
373 385 6047
373 384 8030
373 381 4472
374 382 6332
374 379 507
374 385 6743
374 390 5751
374 392 6608
375 385 6174
375 380 6281
375 384 8788
375 392 9151
375 397 3259
375 395 2418
375 393 8829
375 379 7338
375 396 6397
375 382 9604
375 378 2626
375 383 5753
375 388 5952
375 391 9178
375 394 7582
375 387 911
375 377 9644
375 390 4415
375 389 5683
376 401 9614
376 406 2214
376 405 4912
376 400 4229
376 412 9620
376 404 9573
376 418 5362
376 408 9016
376 398 4809
376 414 9091
376 416 2580
376 413 1895
377 416 1451
377 398 2042
377 399 506
377 411 6605
377 414 2023
377 412 8549
377 419 2900
377 415 3230
377 418 4628
377 407 9638
377 413 7192
377 402 2010
377 400 6049
377 401 9633
378 402 7827
378 416 8916
378 404 8336
378 409 2242
378 412 8469
378 399 5362
379 413 5965
379 407 9591
379 418 8630
379 410 2986
379 415 7293
379 412 2721
379 404 1456
379 417 852
379 408 6833
379 399 1030
379 400 6222
379 416 5766
379 406 6640
379 414 2037
379 402 5270
379 403 3127
380 413 7227
380 404 1994
380 418 591
380 403 4487
381 415 4572
381 408 3764
381 403 4592
381 407 5134
381 414 9772
381 404 9907
381 412 2707
381 402 1694
381 405 6126
381 406 4580
381 410 2291
381 413 8660
382 418 4416
382 401 6679
382 416 2025
382 412 6999
382 404 3889
382 398 8595
382 407 3655
382 399 2009
382 408 9767
382 400 6141
382 403 1755
382 405 3902
382 409 1043
382 415 4806
383 406 5315
383 405 3926
383 416 8882
383 401 2385
383 418 2828
383 413 9930
383 399 9471
383 411 1332
383 409 7746
383 417 2867
383 407 9506
383 412 3746
384 418 3670
384 398 3319
384 415 954
384 408 6124
384 414 6227
384 409 6900
384 405 9498
384 402 6781
384 411 5036
384 404 1662
384 412 4497
384 407 9300
384 417 5738
384 399 7461
384 416 9630
384 419 4338
385 403 5519
385 399 2263
385 409 8021
385 404 873
385 417 6706
385 408 9319
385 407 2277
385 413 8666
385 412 9825
385 402 9114
385 406 6785
385 414 2123
385 410 9786
385 416 2592
385 401 2623
385 398 7925
385 411 1543
385 418 5893
385 405 8300
386 411 4831
386 418 4550
386 409 6952
386 403 4054
386 413 9054
386 415 5537
386 408 3668
386 417 9318
386 405 5229
386 412 9280
387 402 4897
387 413 9835
388 399 7363
388 415 3866
388 404 4300
388 416 3979
388 408 8435
388 401 3406
388 412 1795
389 399 3403
389 415 7989
389 410 1619
389 414 4845
389 412 5922
389 403 4283
389 419 9829
389 413 1678
389 398 2201
390 399 2370
390 401 6268
390 400 612
390 416 995
390 405 8193
390 413 6401
390 406 1066
390 419 1467
390 412 8995
390 408 8319
390 410 1639
390 398 2951
390 404 1613
390 407 7296
390 418 6616
390 417 8603
390 414 7596
391 400 8804
391 408 8064
391 412 6308
391 415 7809
392 417 3595
392 400 1848
392 413 7625
392 412 9456
392 403 3056
392 401 6633
393 418 8586
394 412 4165
394 401 7766
394 416 7809
394 410 4921
394 417 730
394 413 5097
394 411 6203
394 400 5647
394 408 5835
394 415 6362
394 406 7607
394 407 3550
394 402 7968
394 414 9321
394 405 3368
394 409 9233
394 399 8563
395 407 7589
395 417 7147
395 399 2334
395 401 6280
395 415 5959
395 406 5262
395 410 5178
395 419 2863
395 412 1086
395 404 7364
395 400 4459
395 413 2649
395 409 1214
395 403 4807
396 417 7521
396 408 6679
396 404 4416
396 418 7256
396 409 8471
396 400 8167
396 412 2789
396 414 5965
396 415 5067
396 416 3918
396 398 615
396 410 7515
396 406 5333
396 411 6204
396 399 5155
396 402 873
396 403 3430
396 407 9160
396 405 877
397 419 9515
397 402 1372
397 398 996
397 406 6861
397 403 1149
397 408 3750
397 400 3397
397 411 8327
397 412 2009
397 409 661
397 414 9672
398 438 2817
398 428 2916
398 441 2278
398 437 2080
398 433 8759
398 430 8620
398 440 3025
398 422 6045
398 432 9949
398 425 8519
398 427 6386
398 435 7632
398 420 4840
398 431 7487
398 426 9772
398 424 6848
398 429 7471
398 436 3761
398 423 589
399 437 8563
399 432 5889
399 427 3575
399 433 1341
399 421 5858
399 434 7212
399 440 9573
400 441 4045
400 435 9141
400 438 1087
400 423 4985
400 427 7518
400 432 9629
400 429 5090
400 437 6754
400 421 4420
400 424 6984
400 425 6052
400 428 9000
400 420 7109
400 434 6557
400 426 1453
400 431 2273
400 430 1387
400 436 9089
400 440 1772
401 439 5053
401 432 8113
401 420 9875
401 425 4690
401 431 983
401 435 9090
401 429 7934
401 421 8309
401 438 7739
401 426 4412
401 422 8951
401 427 8251
401 424 848
401 430 1767
402 425 4632
402 432 6846
402 439 8183
403 432 7869
403 438 8959
403 435 2108
403 441 4897
403 422 8576
403 424 8995
403 427 3917
403 434 2083
403 420 1525
403 429 2882
403 433 9940
403 421 3723
403 430 685
403 439 2912
404 436 5018
404 429 5039
404 421 1481
404 437 2791
404 440 4251
404 438 1014
404 430 9102
404 420 7942
404 424 2238
404 428 9964
404 422 8087
404 433 9656
404 423 5380
404 427 3271
404 425 678
404 439 6912
405 424 8956
405 437 9304
405 438 1956
405 440 9674
405 433 972
405 420 4800
405 426 4240
405 428 1432
406 436 3828
406 439 9040
406 425 4754
407 432 8898
407 424 6644
407 429 7573
407 420 2397
407 431 8666
407 436 6789
407 428 5252
407 425 3017
407 438 5975
407 437 7579
407 426 9147
407 440 1157
407 433 8677
408 430 9410
408 425 3362
409 430 8837
409 423 5380
409 433 5285
409 438 8950
409 425 7444
409 421 9052
409 424 8532
409 427 4944
409 436 3732
409 431 8072
409 440 2938
409 428 5274
410 430 5594
410 424 3064
410 431 9970
410 438 3312
410 428 8835
410 421 7295
410 429 2875
410 420 7877
410 437 7547
411 433 5248
411 422 2641
411 441 9628
411 436 9222
411 420 8056
411 435 5220
412 426 4298
412 424 9058
412 437 6741
412 435 2710
412 427 6830
412 432 9720
412 423 5505
412 441 6849
412 425 7627
412 433 5200
412 431 6784
412 420 8011
412 429 4576
412 428 5850
412 440 8426
412 438 8511
413 430 4018
413 441 7828
413 428 6934
413 440 7101
413 438 4460
413 432 2384
413 431 9246
413 423 5515
413 434 6843
413 439 1296
413 427 5259
413 422 7210
413 436 9158
413 429 5121
413 433 5753
413 437 3645
414 421 9208
414 438 9480
414 433 980
414 428 7084
414 429 6056
414 420 1638
414 431 6231
414 437 739
414 426 6991
414 425 9374
414 423 3338
414 440 9124
415 436 8743
415 421 1719
415 423 9024
415 437 4969
415 429 6306
415 433 5121
415 427 3382
415 441 3584
415 420 6038
415 428 1102
415 434 1816
415 426 6794
415 430 7433
415 438 4274
415 424 2601
415 432 3942
415 431 9629
415 425 1435
415 435 2047
416 437 9380
416 422 5124
416 439 7896
416 436 2829
416 428 5250
416 421 2956
416 434 2737
416 432 9236
416 423 6445
416 430 8661
416 425 7683
416 429 9786
416 438 949
416 427 2483
417 426 9333
417 430 3524
417 428 6100
417 427 3918
417 421 8929
417 431 7610
418 431 4379
418 440 8906
418 433 8819
418 436 7135
418 423 7156
418 429 3096
418 432 7485
418 425 5652
418 426 2169
418 428 3529
419 433 3300
419 422 2458
420 443 6813
420 458 2151
420 451 4420
420 450 623
421 460 5659
421 458 5049
421 463 3282
421 453 2071
421 452 2045
421 447 3029
421 451 8240
421 457 6652
421 454 2087
421 443 2224
421 456 7687
421 448 2191
421 449 8605
421 446 9696
421 445 6602
421 462 2801
422 451 6607
422 448 7461
422 450 5834
422 443 6732
422 444 1554
422 457 2399
422 456 1746
422 455 8394
422 452 4792
422 462 1842
422 445 7301
422 447 2606
422 442 4961
422 454 8506
422 458 3743
422 459 7994
423 453 6168
423 448 927
423 454 2130
423 463 3975
423 462 6398
423 449 8942
423 451 4911
423 456 4631
424 457 8988
424 449 3376
424 463 7428
424 452 8160
425 447 3134
425 457 3829
425 445 8578
425 442 8085
425 459 8742
425 446 7492
425 455 2324
425 454 3286
425 461 3863
425 462 4760
425 460 1546
425 463 1654
425 443 3235
425 452 7392
425 456 5834
426 450 906
426 442 3370
426 463 4934
426 451 8573
426 443 9972
426 448 3488
426 453 2016
426 462 4878
426 449 6019
426 452 1595
426 460 4582
426 458 4629
427 450 9425
427 443 5233
427 459 2168
427 447 3819
427 460 2645
427 457 1848
427 453 6174
428 452 2580
429 458 8214
429 455 1206
429 450 7098
429 461 5679
429 449 4186
429 446 4619
429 462 5215
429 453 7788
429 448 2819
429 447 5545
429 454 5758
429 443 5630
429 442 5684
430 450 3945
430 454 4572
430 459 1935
430 458 6808
430 442 6207
430 457 4226
430 451 5675
430 445 2847
430 448 9886
430 447 8552
430 456 7982
430 461 5236
430 446 4345
430 443 2398
430 449 8558
430 462 7643
430 455 2742
431 443 4697
431 458 6362
431 454 1848
431 459 7418
431 442 7300
431 444 2770
431 457 5358
431 449 5295
432 458 2626
432 450 7458
432 444 8745
433 456 2446
433 459 4331
433 460 8255
433 447 1447
433 445 1215
433 451 1756
434 454 8150
434 446 8152
434 445 1339
434 443 2224
434 452 3996
435 454 7048
435 448 8067
435 442 2169
435 443 5538
435 458 4261
435 449 8374
435 445 9984
436 456 6852
436 447 6948
436 455 3492
436 457 1337
436 442 4532
436 462 9210
436 453 7116
436 454 6464
436 459 6647
436 445 2777
436 446 8223
437 455 6095
437 461 5295
437 454 1434
437 449 5283
437 447 9981
437 451 9895
437 460 911
437 448 8642
437 459 698
437 453 8511
437 443 3608
437 456 9859
437 442 7387
437 450 631
437 445 3041
437 444 3506
437 463 2974
438 444 1815
438 446 6115
438 461 2605
439 455 9049
439 453 6035
439 454 8340
439 462 587
439 461 3555
439 448 7852
439 446 1798
439 445 6660
439 442 3965
439 463 9815
439 460 689
439 451 5794
439 452 3938
439 456 3937
439 458 8372
439 449 9936
439 447 1627
439 450 664
439 444 9014
440 451 3113
440 455 729
440 458 4432
440 442 5548
440 463 9036
440 443 6855
440 450 8702
440 448 3106
440 452 1713
440 444 670
440 453 3205
440 456 2520
440 461 8892
440 446 605
441 451 2751
441 446 2348
441 455 1908
441 445 6266
441 443 9982
442 483 7780
442 473 2363
442 475 1842
442 478 2716
442 482 2224
442 484 3959
442 474 4899
442 467 1226
442 466 4551
442 471 1698
442 469 6539
442 472 1067
442 464 6844
442 470 7903
442 480 7691
443 478 8782
443 465 1163
443 484 1181
444 469 1825
444 471 6727
444 474 9873
444 482 4790
444 483 4579
444 468 8932
444 465 911
444 473 9025
444 478 8832
444 472 2464
444 475 2533
444 464 7139
444 470 5526
444 466 2851
444 479 5637
444 477 7205
444 481 4284
444 485 9908
445 470 1387
445 466 4019
445 480 9423
445 482 3375
446 479 7447
446 468 2738
446 484 3453
446 473 9643
446 465 9347
446 474 4743
446 469 7742
446 467 4444
446 470 7679
447 466 1815
447 478 6923
447 471 4178
447 477 5643
447 473 5167
447 472 3164
447 475 1638
447 469 3896
447 481 1376
447 483 9896
448 471 6669
448 485 7941
448 467 9122
448 464 7721
448 475 7499
448 466 8553
448 479 2223
448 472 9192
448 482 6843
448 481 2370
448 480 2315
448 468 3795
448 465 2782
448 473 6568
449 483 6081
449 468 8508
449 465 5252
449 481 859
450 471 1124
450 468 6373
450 466 7848
450 483 7318
450 464 3344
450 480 3698
450 473 4576
451 469 1795
451 485 4706
451 466 3791
451 465 7630
451 467 7708
452 481 6322
452 465 3745
452 479 9639
452 474 1378
452 472 6957
452 464 8607
452 484 5520
452 478 2740
452 471 5694
452 477 2381
452 476 5954
452 469 3006
452 468 7559
452 475 8379
452 470 2391
452 485 1737
453 475 1203
453 474 3791
453 465 4845
454 476 5240
454 465 1070
454 479 8111
454 464 7373
454 484 6629
454 472 1257
454 467 9490
454 469 9184
454 480 8220
454 478 9904
454 477 4607
454 485 2172
454 466 8514
454 473 3269
454 483 8249
455 483 3798
455 484 6622
455 477 8082
455 472 1696
455 474 6292
455 469 3961
455 482 8695
455 485 601
455 481 3895
455 479 1706
456 479 6921
456 477 9784
456 484 2465
456 475 8426
456 480 4711
456 471 3620
456 474 1802
456 481 7861
456 483 6649
457 464 7165
457 469 2065
457 477 9565
457 479 4811
457 481 633
457 468 6962
457 485 870
457 472 6554
457 480 2721
457 474 3520
457 478 5831
457 467 2886
457 465 1597
458 482 6404
458 472 7417
458 480 5924
459 477 1788
459 476 645
459 482 8269
459 485 2722
459 475 2572
459 471 4105
459 465 6976
459 473 9433
459 464 7016
459 468 7350
459 480 4850
459 472 9826
460 483 7165
460 477 2621
460 479 8910
460 485 5256
460 471 9314
460 469 8320
460 482 2890
460 473 991
460 481 1908
460 472 2063
460 474 3194
460 465 7822
460 476 934
460 468 8262
460 470 3700
461 480 6077
461 477 5586
461 476 2770
461 483 6996
461 464 6413
462 485 2540
462 482 819
462 468 1177
462 475 4109
462 480 4366
462 466 5474
462 471 8512
462 474 1375
462 469 916
462 478 6195
462 484 8816
462 464 6786
462 477 2371
462 483 8388
462 473 1693
462 465 5554
462 479 4263
462 472 1962
463 465 9024
463 482 7526
463 481 8169
463 483 4438
463 477 6674
463 473 9907
463 475 9625
463 467 6194
463 474 8811
463 469 1364
463 464 4203
464 502 7067
465 500 5263
465 503 7942
465 486 6705
465 501 9247
465 490 7502
465 497 640
465 498 1881
465 494 3303
465 496 7656
465 491 2034
465 489 3311
465 499 4672
465 502 6256
465 487 3869
465 493 4868
465 504 6620
466 497 862
466 502 1958
466 505 5740
466 488 6721
466 500 8145
466 496 8581
466 507 9872
466 495 7891
466 499 5889
466 487 9849
466 494 7875
466 492 9446
466 490 3758
466 501 7081
467 505 8711
467 493 9838
467 490 2137
468 486 2335
468 495 2240
468 506 8335
468 501 6164
468 496 8978
468 492 6088
468 502 7901
468 494 9486
468 489 4860
468 499 9270
468 503 3048
468 500 9809
468 507 8278
468 504 1140
468 488 3882
469 488 2592
469 500 931
469 491 8794
469 489 4787
469 486 6934
469 494 3861
469 493 3845
469 490 6537
469 492 1246
469 495 8847
469 499 4315
469 507 8759
469 506 6546
469 505 8248
469 498 9596
469 504 4865
469 502 1489
470 493 4385
470 501 8124
471 497 5041
471 500 8692
471 491 6487
471 490 3857
472 506 6652
472 490 8790
472 493 9585
472 503 3818
472 495 1514
472 486 9980
472 492 6040
472 505 7620
473 504 4783
473 489 7485
473 494 4530
473 500 6549
473 488 940
473 493 3560
473 491 8602
473 505 2164
473 495 5799
473 487 8894
473 503 7937
473 498 7464
473 499 722
473 492 5386
473 501 8870
473 490 7885
473 496 6038
473 502 1327
473 486 4117
474 488 3868
474 498 1284
474 504 3041
474 496 9276
474 490 5256
474 506 7473
474 493 7179
474 503 8232
474 494 3469
474 499 8758
474 507 8067
475 497 8944
475 506 9083
475 495 3718
475 505 9412
475 500 1677
475 501 2931
475 496 1808
475 499 9258
475 492 7171
475 491 1524
476 494 1699
476 490 7810
476 496 5076
476 500 7701
476 503 7438
476 487 3998
476 502 1040
476 498 8808
476 505 2184
476 489 3536
476 497 2105
476 488 4585
476 504 537
476 499 3527
477 504 1669
477 493 1560
477 490 8408
477 488 1877
477 491 8014
477 502 5871
477 487 7185
477 494 4298
478 492 3716
479 503 3584
479 501 1022
479 502 2705
479 505 6161
479 490 1717
479 492 6171
479 500 2808
479 493 7964
479 497 7419
480 490 2696
480 496 9523
480 498 9370
480 486 9245
480 495 6501
481 493 5564
481 496 4154
481 507 8502
481 498 6502
481 488 8674
481 503 7507
481 505 9792
481 491 3497
481 489 7157
481 490 996
481 487 9918
482 494 7528
482 495 4902
482 492 527
482 501 6321
482 503 8300
482 499 8438
482 498 4807
482 507 5639
482 497 560
482 489 4854
482 486 8302
483 490 6469
483 500 4210
483 491 9761
484 501 5541
484 492 3228
484 495 4790
485 491 1625
485 499 2318
485 494 3395
485 496 2947
485 504 9112
485 500 889
485 493 3798
485 506 3946
486 525 1755
487 511 3390
487 520 3500
487 509 4570
487 518 3306
487 513 6233
487 527 4181
487 524 5396
487 522 1744
487 526 4919
487 508 1077
487 516 7705
487 528 6347
487 525 1586
487 519 1411
487 512 7858
487 523 6403
487 510 678
487 529 5435
488 510 7125
488 522 3515
488 518 5403
488 525 3603
488 511 5240
488 519 7481
488 524 9654
488 513 1912
488 508 9378
488 520 3701
488 528 2083
489 519 3247
489 528 977
489 510 7848
489 523 6976
490 509 3178
490 523 5935
490 517 1495
490 527 9130
490 524 791
490 513 1265
490 526 2956
490 518 5880
490 520 2648
490 529 4700
490 516 5915
490 508 4448
490 511 1310
491 512 1242
491 514 6978
491 518 907
491 524 6923
491 526 1350
491 527 8139
491 516 4264
491 525 1198
491 519 4300
491 520 1344
491 528 9972
491 529 5445
491 509 8959
491 515 5711
491 511 8380
492 521 6155
492 508 9788
492 516 4053
492 518 7808
492 513 1742
492 512 5429
492 528 1334
492 526 9092
492 509 4947
492 524 613
492 525 9463
492 527 3697
492 515 3996
492 517 6525
493 513 2245
493 522 3657
493 525 9759
493 509 6069
493 516 3896
494 527 3271
494 529 1728
494 513 9792
494 523 8096
495 521 4472
495 514 6263
495 527 957
495 512 9504
495 520 5599
495 525 7295
495 524 8411
495 515 5265
496 515 5748
496 516 9201
497 509 3823
497 520 4462
497 523 9573
498 510 3629
498 525 7699
498 519 9300
498 509 2174
498 514 2283
498 516 3200
498 517 8471
498 522 6863
498 513 2265
498 511 8862
498 518 1412
498 521 6725
498 527 6215
498 515 7374
498 528 9689
498 523 1866
498 526 2733
498 529 7595
499 514 3771
499 519 1932
499 522 7969
499 527 8734
499 518 4067
499 516 8354
499 526 6134
500 512 1260
500 518 6492
500 517 2649
500 523 7982
501 513 3209
501 511 1496
501 525 7890
501 518 4654
501 514 1793
501 521 3787
501 522 2274
501 524 9141
502 513 1080
502 520 5262
502 525 6909
502 512 5209
502 514 9114
502 510 731
502 509 6086
502 529 1899
502 526 3516
502 527 982
503 513 6709
503 524 1504
503 523 8575
503 522 9447
503 517 7242
503 510 6480
503 527 1512
503 525 5357
503 509 1344
503 518 5623
503 512 8539
503 519 5743
503 526 1304
503 516 2775
504 514 7280
504 529 4344
504 520 7061
504 528 5999
504 525 3813
504 511 9862
504 508 2778
504 522 6526
504 523 904
504 512 3642
504 513 1879
504 519 9110
504 516 8070
504 521 1253
504 526 3616
504 518 575
504 509 2344
504 515 7035
505 515 6066
505 523 8779
505 512 2724
505 514 1419
506 524 891
506 522 6545
506 511 6629
506 527 8699
507 509 2952
507 522 7551
507 508 3984
507 528 6239
507 514 8671
507 524 1394
507 515 7610
507 520 9534
507 521 4336
507 511 1635
507 525 8117
507 526 8459
507 510 3522
508 549 3567
508 532 9277
508 531 7174
508 550 8483
508 548 8487
508 546 7987
508 544 844
508 542 1571
508 541 8438
508 534 822
508 535 2694
508 547 1684
508 545 7698
508 540 4388
508 533 4609
509 535 2938
509 537 3929
509 538 6918
509 530 1358
509 532 3778
509 550 5008
509 534 863
509 541 9429
510 538 6210
510 534 6022
510 537 5257
510 549 1052
510 551 1289
510 543 2143
510 531 8133
510 545 4268
510 533 5758
510 532 6907
510 541 6439
510 550 1008
510 547 6224
510 535 5062
510 542 8905
510 530 2945
510 544 7761
510 539 8290
511 549 629
512 530 9761
512 542 2142
512 544 2982
512 551 5505
512 537 698
512 548 957
512 546 4407
512 550 5910
512 547 2289
512 534 4952
512 545 5936
512 538 1932
513 540 4864
513 532 4764
513 534 3115
514 551 6823
514 536 2145
515 548 1186
515 530 5049
515 535 4932
515 546 2904
516 550 9532
516 543 5042
516 540 3359
516 530 912
516 547 4820
516 535 8889
516 548 8106
516 551 4471
517 545 3145
517 543 7462
517 532 6226
517 544 7053
517 539 891
517 546 6888
517 541 3748
517 550 973
517 530 4784
517 551 2791
517 549 4783
517 538 5576
518 539 3343
518 543 884
519 551 9878
519 544 5467
519 549 9712
519 538 4838
520 549 1230
520 540 4358
520 533 9515
520 546 5287
520 538 5770
520 532 9802
520 537 9176
520 545 3518
520 551 4133
520 535 6339
520 548 3883
520 542 4204
520 544 7699
520 550 6941
520 534 4242
520 541 7471
520 543 5037
521 533 1052
521 531 4646
521 551 648
521 537 6023
521 540 3123
521 550 9595
522 544 2200
522 539 7118
522 532 824
522 538 4054
522 549 2696
522 545 2584
522 543 8633
522 534 2416
522 530 5300
522 541 4687
522 531 6375
523 539 2391
523 537 7038
523 534 5621
523 547 6789
523 542 4242
523 545 7809
523 546 2871
523 549 6190
523 550 8865
524 547 5132
524 532 6403
524 535 2147
524 551 9041
524 549 3061
524 546 2236
524 542 8409
524 545 807
524 541 1347
524 537 1081
524 550 9405
524 543 6839
524 534 2699
524 548 9871
524 544 2636
524 533 4759
525 544 4440
525 541 4223
525 551 7346
525 536 5234
525 539 6635
525 550 7912
525 543 6427
525 540 6207
525 547 5746
525 535 6373
525 530 7679
525 545 7148
525 531 7377
525 546 5566
525 549 1548
525 537 6837
526 531 8654
526 534 1041
526 537 5758
526 551 506
527 543 5985
527 540 9278
527 537 4782
527 533 7454
527 530 7313
527 539 1875
527 534 5981
527 548 6611
527 545 4930
527 544 5872
527 541 3869
527 549 2592
528 542 8386
528 534 957
528 538 2390
528 535 756
528 545 1756
528 537 9835
528 533 5172
528 546 5985
528 541 2252
528 531 9012
528 532 7192
528 551 3849
528 549 8702
528 548 7649
528 536 1721
528 544 8177
528 550 5743
528 543 6158
529 548 1777
529 534 897
529 530 8940
529 543 7750
529 532 7495
529 549 7743
529 537 1095
529 535 9637
529 538 9429
530 563 8941
530 562 8315
530 570 9207
530 566 8106
530 561 3324
530 572 4402
530 571 4486
531 556 3700
531 565 8079
532 571 965
532 565 9796
532 560 2649
532 562 3371
532 559 5432
532 552 2570
532 556 4580
532 568 5383
532 558 7194
533 564 9367
533 566 599
533 560 8469
533 559 4790
533 553 1450
533 570 5907
533 572 1837
533 556 9096
533 568 4563
533 562 7401
533 558 633
533 552 783
533 554 3191
533 571 1950
533 563 2265
533 567 2929
534 568 4447
535 568 9051
535 573 4803
535 564 2886
535 554 3855
535 571 4789
535 557 7215
535 552 7200
535 567 5498
535 558 6156
536 563 6117
537 557 3489
537 569 4662
537 568 5493
537 561 2310
537 571 4581
537 566 7820
537 556 4958
537 572 4878
537 560 4548
537 570 2989
538 563 6100
538 560 5933
538 559 4024
538 562 1076
538 568 4287
538 565 2086
538 553 7271
538 566 8619
538 554 1323
538 567 8850
538 573 8294
538 572 3644
538 570 8844
538 556 8429
538 552 4671
538 561 4126
538 558 7517
539 552 8498
540 562 3128
540 561 4309
540 563 8546
540 557 9858
540 569 3107
540 558 2046
540 559 9265
540 552 670
541 553 3177
541 559 8891
541 561 9881
541 568 8890
541 552 2172
541 554 3410
541 560 6458
541 555 8257
541 557 8394
541 564 3457
542 573 5730
542 556 9907
542 564 1673
542 562 8840
542 561 4319
542 570 4567
542 559 4933
542 553 575
542 554 6758
542 568 6525
542 566 1176
542 563 3596
543 558 6855
543 556 8881
543 573 6105
543 557 3298
543 565 1901
543 563 6695
543 561 936
543 555 3545
543 564 2298
543 554 7594
543 568 3337
543 553 8643
544 563 4618
544 573 8904
544 568 6635
544 556 892
544 557 7179
544 554 4268
544 565 9455
544 562 2513
545 561 2759
545 567 6109
545 564 9263
545 568 2934
545 562 1513
545 571 8792
545 573 5929
546 561 10000
546 570 2276
546 568 7779
546 557 1723
547 553 1301
547 567 4632
548 563 3420
548 560 6105
548 571 9976
548 554 887
548 553 4699
548 570 1961
549 561 6858
549 564 8930
549 570 6175
549 558 3837
549 566 2553
549 557 5992
549 556 8814
549 572 7574
549 569 7782
549 559 3430
549 562 3465
549 565 4382
550 560 1436
550 557 5393
550 568 9972
550 552 7750
551 559 3052
551 552 666
551 565 4692
551 566 9200
551 569 6671
551 562 9550
552 594 2613
552 581 4121
552 593 2660
552 576 9269
552 584 9079
552 587 6024
553 580 9699
553 590 3760
553 589 5390
553 587 6670
553 577 7967
553 575 3033
553 593 6291
553 578 683
553 574 6298
553 582 5816
553 579 2206
553 592 2908
554 595 6360
554 580 9787
554 587 9414
554 581 4086
554 577 1665
554 594 1446
554 578 7558
554 585 9048
554 576 6041
554 591 3606
554 575 4748
554 584 9022
554 579 2439
554 590 3580
554 593 9963
554 574 7887
554 583 8880
555 583 938
555 594 1011
555 580 3046
556 577 1366
556 591 3376
556 583 6696
556 587 7112
556 582 4247
556 574 4182
556 576 4847
556 581 5778
556 589 6581
557 579 501
557 578 8424
557 584 2863
557 592 3976
557 574 9764
557 575 2892
557 588 2364
558 576 1487
558 584 6006
558 581 6647
558 595 4290
558 577 4751
558 582 3708
558 586 1379
558 580 8802
559 593 7048
559 584 926
559 576 2548
559 595 6599
559 585 1143
559 578 7642
559 586 9961
560 586 530
560 595 7250
560 582 6463
560 581 7020
560 591 8592
561 576 1182
561 575 3812
561 591 8303
562 590 2594
562 593 6326
562 577 5839
562 589 2951
562 578 8528
562 580 1366
562 587 6861
562 591 5339
563 590 2826
563 589 1843
563 584 6856
563 580 9294
563 583 9656
563 592 4516
564 574 2976
565 592 6206
565 579 2680
565 582 9487
565 584 4154
565 587 7424
565 585 1105
565 578 2154
565 583 1239
565 586 9458
565 593 8876
565 581 5510
565 577 5321
565 575 4364
565 576 1544
565 594 7467
565 591 9736
566 590 3381
566 576 6117
566 592 9713
566 578 609
566 593 1462
566 584 6896
566 588 7225
566 594 6243
566 585 1996
566 577 1840
566 591 4942
566 579 2002
566 574 3063
567 578 1966
567 575 4065
567 589 5112
567 593 8479
568 591 4814
568 582 3030
568 584 5451
568 589 6561
568 581 2256
569 582 2364
569 574 5308
569 575 4686
569 592 7647
569 594 1916
570 591 1832
570 583 1510
570 590 2934
570 588 3088
570 592 1991
570 589 8923
570 594 4391
570 576 1598
570 582 8537
570 574 4455
570 585 735
570 587 6692
570 578 8745
570 581 6617
570 586 6750
571 578 839
572 586 6679
572 595 6404
572 579 3503
572 587 9541
572 574 5523
572 592 876
572 583 6751
572 584 9552
573 579 4209
573 574 7615
573 582 4223
573 580 1539
573 578 1294
573 589 8449
573 595 8834
573 583 2523
573 592 6371
573 588 2452
573 576 7830
573 586 8915
573 594 9459
573 585 3988
573 581 7514
574 612 890
574 605 1339
574 609 9586
574 604 3132
574 600 9007
574 597 8822
574 607 1188
574 615 5343
574 602 5573
574 614 9410
575 598 5868
576 607 1560
576 615 832
576 600 2874
576 598 8883
576 613 3293
576 596 1974
577 603 2296
577 600 6559
577 612 7559
577 601 3583
577 596 1261
577 609 7063
577 615 7893
578 603 8807
578 600 2163
578 602 7869
578 614 6674
578 616 7808
578 605 4793
578 598 1060
578 611 6027
578 596 2412
578 615 2221
578 597 8370
578 606 7412
578 608 1218
578 610 4279
578 604 4918
578 613 3680
578 607 6953
578 609 3740
579 600 3647
579 598 9608
579 613 3102
579 616 1175
580 602 3968
580 617 3841
580 600 5190
580 608 3656
580 599 3977
580 611 4563
580 607 2347
580 614 4009
580 605 1656
580 610 6125
580 615 1378
581 611 3200
581 615 4333
581 600 8206
581 599 1678
581 603 5941
581 596 9903
581 616 7267
581 608 3379
582 602 7950
582 607 7096
583 613 4100
583 602 8163
584 606 7861
584 599 5898
584 615 6080
584 603 2559
584 609 2891
584 602 7998
584 607 8662
584 601 6891
584 598 3408
584 610 1518
584 605 844
585 606 9891
585 615 1516
585 605 7959
585 604 9903
585 613 4864
585 608 9078
585 609 7435
585 600 8143
585 602 2792
585 616 8807
585 603 8230
585 614 1601
585 597 8751
586 610 3523
586 601 3892
586 602 9578
586 615 5857
586 609 2805
586 604 3371
586 617 5847
587 612 9015
587 602 9058
587 617 4647
587 600 4237
587 596 7881
587 608 8691
587 615 7431
587 616 4174
587 598 4230
587 604 1597
587 609 9439
588 602 8710
589 600 526
589 612 1596
589 596 9355
589 614 4447
589 608 3525
589 615 3674
589 598 3869
589 604 1256
589 611 8876
590 610 2749
590 607 1237
590 601 1432
590 612 9122
590 611 6753
590 617 4853
590 605 6173
590 598 7123
590 596 4004
590 600 1115
590 597 4670
590 615 8177
590 614 9289
590 602 4461
590 613 8557
591 606 2714
591 612 3709
591 597 2536
592 613 7382
592 602 2829
592 598 8519
592 617 9201
593 603 7474
594 609 7963
594 601 8399
594 608 3625
594 613 3615
594 611 4454
594 615 8183
594 597 6876
594 614 9736
594 603 4740
594 616 8735
594 604 7394
594 606 2456
594 600 2537
594 610 1300
594 598 6634
594 596 5489
594 617 6081
594 612 4848
594 607 8520
595 596 4282
595 598 1902
595 614 1436
595 603 9534
595 600 2552
595 604 3261
595 616 1090
595 612 5882
595 606 4282
596 634 3741
596 624 1608
596 627 4125
596 619 3257
596 622 4376
596 629 3472
596 618 4540
596 620 3872
596 626 7844
596 623 2009
596 621 1485
596 638 5553
596 625 5435
596 639 2094
596 630 9359
597 631 5156
597 637 8944
597 622 4399
597 618 4174
597 623 8247
597 626 3005
598 621 3277
598 629 7683
598 638 563
598 630 1928
598 626 985
598 622 8672
598 632 3790
598 633 8824
598 627 2838
598 637 9082
598 624 1919
599 623 1550
599 632 8407
599 636 9770
599 630 6141
600 638 5398
600 637 9646
600 619 1315
600 626 3221
601 632 4567
602 632 2780
602 629 1364
602 626 6596
602 624 6884
602 636 2931
602 635 510
602 619 1593
602 621 2768
602 633 2989
602 631 3584
602 618 4949
602 627 9920
603 630 8780
603 637 3303
603 634 5253
603 627 2016
603 622 9580
603 618 5658
603 632 7790
603 636 8454
603 639 2637
603 624 3810
603 625 4978
603 620 5680
603 628 1193
603 629 3347
604 636 6914
604 624 6306
604 620 9980
604 618 7402
604 623 5448
604 622 2914
604 631 4978
604 629 3387
604 628 5638
604 637 7403
604 639 4097
604 635 6036
604 638 9563
605 639 9651
605 618 9561
605 630 7598
605 619 6958
605 621 2780
605 632 1202
605 637 7227
605 638 6745
605 620 4315
605 629 4576
605 634 2849
605 636 9680
606 618 3845
606 624 9587
606 619 1017
606 621 7627
606 637 9436
606 631 3245
606 620 9644
607 639 4075
607 621 1883
607 619 8240
607 636 1684
607 625 5500
607 624 3097
607 638 937
607 620 5922
607 630 2457
607 631 7291
607 628 6577
607 618 6676
607 627 3921
607 626 8151
607 629 9225
607 623 8305
607 632 8439
608 620 3389
608 619 9200
608 621 8113
608 634 2895
608 632 4886
608 630 6965
609 634 824
609 626 4235
609 637 4402
609 622 665
610 627 5505
610 631 3711
610 625 891
610 619 9696
610 624 1033
610 636 4201
610 634 7356
610 632 6220
610 628 8427
610 621 2741
610 618 6016
610 622 8704
610 639 9960
610 635 8329
610 638 6953
610 630 1920
610 633 763
611 618 9366
611 621 8279
611 634 5840
611 637 7219
611 630 1917
611 629 8092
611 628 6373
612 620 4336
612 635 5309
612 619 3270
612 632 2336
612 627 4354
612 621 6697
612 628 4402
612 629 9945
612 633 2793
612 630 5910
612 618 4199
612 625 7276
612 626 966
612 636 890
612 622 9969
612 639 5952
613 621 9438
613 624 3898
614 621 4866
614 628 4569
614 629 4239
614 632 4324
614 633 2144
614 638 3186
614 619 7553
614 634 6314
614 625 781
614 626 9804
614 630 9659
615 628 9107
615 631 8253
615 639 5681
615 635 6708
615 619 8588
615 629 7641
615 627 7847
615 630 2844
616 632 9474
617 626 6424
617 638 3675
617 639 9725
617 631 6881
617 629 3925
617 618 7883
617 634 584
617 636 3017
617 633 6321
617 628 5995
617 619 4478
617 620 3032
617 625 9247
618 644 5900
619 657 8431
619 660 4948
619 655 1563
619 661 3348
619 649 3794
619 656 6083
619 651 2093
619 647 9588
619 648 9429
619 640 3651
619 658 2758
619 641 2641
619 642 7175
619 654 2347
619 652 4786
619 644 7428
619 653 3087
619 645 2345
619 659 5434
620 658 3946
620 651 9729
620 654 5280
620 649 7835
620 661 917
620 660 9522
620 644 8045
620 646 1516
620 656 2600
620 653 3387
621 659 877
621 661 6550
621 656 691
621 660 9937
621 641 5004
621 640 8207
621 652 2314
621 657 6907
621 653 5237
621 654 6752
621 643 3773
621 649 9003
621 647 7317
621 650 7430
621 648 2873
621 645 7435
621 644 6464
621 646 4246
621 655 1664
622 661 1753
622 646 6151
622 658 3023
622 653 5017
622 644 7485
622 656 1840
622 655 5390
622 648 3862
622 659 8840
622 650 5595
622 651 1316
622 640 4485
622 649 5571
622 645 9328
622 647 9716
622 660 9486
622 643 8238
623 650 6819
623 661 7744
623 646 2616
623 643 5898
623 647 8610
623 656 8309
623 642 3138
623 657 8068
623 653 5076
623 644 3135
623 641 2219
623 648 1177
623 655 2123
623 654 4623
623 649 9317
623 660 9234
623 640 9318
623 659 3760
623 652 9865
624 650 7363
624 655 8273
624 641 6477
624 654 4671
624 647 6264
624 660 3828
625 645 4267
625 661 4446
625 660 6481
625 652 6983
625 650 1621
625 658 4928
625 641 9593
625 654 4399
625 655 3704
625 653 3113
625 648 1907
625 657 731
625 651 9011
625 649 1476
625 646 6763
626 650 9470
626 644 2034
626 658 8755
626 653 7947
626 656 8036
626 641 6882
626 654 1133
626 643 4647
626 655 7554
626 659 4276
626 640 665
626 651 9965
626 649 3347
626 645 8636
626 652 3369
627 640 5216
627 648 5091
627 647 5020
627 652 5145
627 641 4328
627 658 9088
627 644 4684
627 646 5043
627 649 3089
627 653 3588
627 650 8947
627 661 7887
627 656 2075
627 642 5624
627 651 862
627 657 8372
628 640 9598
628 648 7368
628 655 2770
629 653 4891
629 642 6667
629 641 8892
629 649 9733
629 646 7317
629 645 1211
629 659 3683
629 660 9090
629 644 3032
629 643 1740
629 657 5976
629 656 919
629 640 2579
629 648 7553
630 643 8307
630 659 7077
630 660 8856
630 644 639
630 651 5381
630 649 2327
631 646 5249
631 656 9364
631 659 2399
631 641 4624
632 642 8954
632 654 9808
632 645 5728
632 653 9844
632 648 3115
632 650 4692
632 661 3085
632 640 2198
632 644 2555
632 651 2092
632 659 8370
632 656 7603
632 641 7681
632 652 4411
632 660 2655
633 640 2315
633 660 5032
633 661 7952
633 652 2134
633 657 2975
633 658 8544
633 645 9760
633 647 6223
633 653 6048
633 650 6498
633 641 5531
633 649 7117
633 643 1414
633 648 3101
633 646 2450
633 654 2431
633 656 3636
633 659 2415
634 641 3724
634 643 6367
634 660 4143
634 646 2301
634 653 2933
634 640 8025
634 658 1267
634 650 1845
634 642 3959
634 644 9309
634 652 7625
634 657 4611
634 645 8238
634 654 1143
634 661 7632
634 656 6308
635 654 1481
635 647 3074
635 658 3016
636 647 7804
636 655 3787
636 660 4765
636 657 3687
636 652 3169
636 659 8697
636 646 7633
636 656 5765
636 640 3736
636 658 5903
636 642 9487
636 654 7961
636 645 7817
636 653 6162
636 644 9589
636 641 5766
637 646 6810
637 648 5682
637 649 6862
637 656 6742
638 654 6455
638 656 1954
638 651 1929
638 646 9053
638 645 6210
638 652 9330
638 648 5417
638 659 7147
638 642 9944
638 649 6434
638 650 6360
638 658 4824
638 660 9878
638 647 1186
639 655 972
639 651 5802
639 658 1402
639 652 2710
639 641 7749
639 650 5447
639 646 2700
639 659 9915
639 642 5717
639 640 783
639 653 7900
639 661 7126
639 654 3404
639 656 2314
640 682 8885
641 676 4173
642 683 5969
642 673 8172
642 664 5382
642 680 4831
642 679 7711
642 676 9913
642 672 6487
643 682 6666
643 663 863
644 664 3069
644 678 635
644 667 7882
644 671 4827
644 666 3138
644 670 3150
644 681 7092
644 677 1812
644 668 6252
644 665 2928
644 682 8921
644 676 2628
644 672 8516
644 673 7128
645 668 7544
645 663 2933
645 671 7015
645 676 8328
645 667 5529
645 662 5656
646 673 707
646 664 6377
646 683 2910
646 675 3064
646 665 9572
646 677 3136
647 664 4372
647 666 5009
648 665 6357
648 676 5048
648 677 8946
649 682 2261
649 669 9997
649 662 9495
649 663 1096
649 683 2039
649 679 2249
649 673 6323
649 675 1148
649 671 8515
650 668 4776
650 670 809
650 673 3863
650 674 6376
650 682 4687
650 663 1273
650 672 3112
650 675 8909
650 664 2016
650 666 3626
650 669 999
650 671 1428
650 665 3418
650 676 1868
650 678 7436
651 683 6019
651 665 5988
651 680 5444
651 668 2483
651 667 9533
651 676 4285
651 662 1543
651 672 1149
651 671 6443
651 675 2318
651 679 1743
652 669 6406
652 673 7374
652 667 4910
652 670 3292
652 668 3072
652 679 8191
652 681 7073
652 682 6939
652 663 1290
652 675 3641
652 678 1486
652 664 1735
652 666 3561
652 676 892
652 683 7008
652 674 9271
652 677 8521
653 675 7878
653 677 3926
653 673 4704
653 678 5428
653 682 9003
653 668 574
653 669 1359
653 681 6253
653 670 7815
653 664 523
653 665 1986
653 671 2299
653 663 6890
653 680 4424
653 667 3720
653 676 5102
653 679 6366
654 663 5477
654 676 1792
654 668 901
654 679 6778
654 681 9066
655 677 2106
655 672 7282
655 678 5477
655 667 6846
655 673 2107
655 669 1812
655 675 9978
655 664 1121
655 663 3490
655 676 3217
655 682 8067
655 680 8012
655 662 1993
656 677 5123
656 668 1375
656 664 8488
656 662 1470
656 669 4282
656 671 9684
656 666 6075
656 683 9236
656 682 2605
656 678 3802
656 670 1166
656 679 4238
656 673 2443
656 663 1982
656 680 1676
656 672 6803
656 676 3346
657 678 8044
657 664 4482
657 666 1592
657 680 3076
657 667 1549
657 673 9975
657 669 1218
657 674 2931
657 662 587
657 675 6076
657 672 2573
657 663 5178
657 679 6702
657 665 7769
657 668 2248
657 682 3010
658 676 8964
658 680 5971
658 677 7457
658 678 7131
658 668 1300
658 674 4736
658 673 3875
658 667 8354
658 663 1568
658 662 1905
658 670 5491
658 672 4092
659 664 2505
659 675 9959
659 666 8350
659 669 2131
659 683 8408
659 667 1006
659 672 8635
659 674 2724
659 679 4983
659 678 5101
659 677 9511
659 665 4740
659 671 4292
659 673 1623
660 670 3212
660 667 7052
660 671 5502
660 669 3297
660 663 9185
660 676 5705
660 665 7775
660 672 869
660 662 9732
660 683 3315
660 673 5778
660 674 9332
660 682 2570
660 675 951
660 680 7934
660 678 4828
660 668 8838
660 677 4260
661 664 5052
661 682 7458
661 668 3202
661 662 3041
661 674 3317
661 681 5816
661 670 3540
661 669 2285
661 665 2611
661 680 6536
661 678 7013
661 679 3112
661 683 1151
661 667 6012
661 663 8182
661 673 7827
662 1000 100000
663 1000 100000
664 1000 100000
665 1000 100000
666 1000 100000
667 1000 100000
668 1000 100000
669 1000 100000
670 1000 100000
671 1000 100000
672 1000 100000
673 1000 100000
674 1000 100000
675 1000 100000
676 1000 100000
677 1000 100000
678 1000 100000
679 1000 100000
680 1000 100000
681 1000 100000
682 1000 100000
683 1000 100000
